VEMOS2017inITRF2014
32.0;-110.0;-0.0079;-0.0090
32.0;-109.0;-0.0074;-0.0091
32.0;-108.0;-0.0092;-0.0109
32.0;-107.0;-0.0087;-0.0110
32.0;-106.0;-0.0082;-0.0111
31.0;-110.0;-0.0079;-0.0084
31.0;-109.0;-0.0074;-0.0085
31.0;-108.0;-0.0084;-0.0093
31.0;-107.0;-0.0087;-0.0104
31.0;-106.0;-0.0082;-0.0105
31.0;-105.0;-0.0077;-0.0106
30.0;-110.0;-0.0079;-0.0078
30.0;-109.0;-0.0089;-0.0085
30.0;-108.0;-0.0088;-0.0088
30.0;-107.0;-0.0083;-0.0088
30.0;-106.0;-0.0074;-0.0090
30.0;-105.0;-0.0077;-0.0100
30.0;-104.0;-0.0070;-0.0104
29.0;-110.0;-0.0077;-0.0076
29.0;-109.0;-0.0088;-0.0085
29.0;-108.0;-0.0088;-0.0082
29.0;-107.0;-0.0083;-0.0082
29.0;-106.0;-0.0073;-0.0087
29.0;-105.0;-0.0071;-0.0100
29.0;-104.0;-0.0076;-0.0102
29.0;-103.0;-0.0071;-0.0103
29.0;-102.0;-0.0066;-0.0103
28.0;-110.0;-0.0077;-0.0071
28.0;-109.0;-0.0072;-0.0072
28.0;-108.0;-0.0067;-0.0073
28.0;-107.0;-0.0078;-0.0080
28.0;-106.0;-0.0080;-0.0092
28.0;-105.0;-0.0071;-0.0094
28.0;-104.0;-0.0070;-0.0097
28.0;-103.0;-0.0071;-0.0097
28.0;-102.0;-0.0066;-0.0097
28.0;-101.0;-0.0061;-0.0098
27.0;-110.0;-0.0077;-0.0065
27.0;-109.0;-0.0072;-0.0066
27.0;-108.0;-0.0067;-0.0067
27.0;-107.0;-0.0066;-0.0084
27.0;-106.0;-0.0061;-0.0085
27.0;-105.0;-0.0056;-0.0086
27.0;-104.0;-0.0066;-0.0090
27.0;-103.0;-0.0052;-0.0091
27.0;-102.0;-0.0060;-0.0092
27.0;-101.0;-0.0057;-0.0097
27.0;-100.0;-0.0048;-0.0097
26.0;-110.0;-0.0077;-0.0059
26.0;-109.0;-0.0072;-0.0060
26.0;-108.0;-0.0071;-0.0078
26.0;-107.0;-0.0066;-0.0078
26.0;-106.0;-0.0061;-0.0079
26.0;-105.0;-0.0056;-0.0080
26.0;-104.0;-0.0054;-0.0083
26.0;-103.0;-0.0052;-0.0085
26.0;-102.0;-0.0040;-0.0089
26.0;-101.0;-0.0041;-0.0089
26.0;-100.0;-0.0041;-0.0091
26.0;-99.0;-0.0036;-0.0091
25.0;-109.0;-0.0073;-0.0059
25.0;-108.0;-0.0071;-0.0072
25.0;-107.0;-0.0066;-0.0073
25.0;-106.0;-0.0061;-0.0073
25.0;-105.0;-0.0056;-0.0074
25.0;-104.0;-0.0055;-0.0080
25.0;-103.0;-0.0045;-0.0083
25.0;-102.0;-0.0040;-0.0083
25.0;-101.0;-0.0035;-0.0084
25.0;-100.0;-0.0041;-0.0085
25.0;-99.0;-0.0036;-0.0085
25.0;-98.0;-0.0031;-0.0086
25.0;-79.0;0.0020;-0.0081
25.0;-78.0;0.0025;-0.0081
25.0;-77.0;0.0031;-0.0079
24.0;-108.0;-0.0071;-0.0066
24.0;-107.0;-0.0062;-0.0069
24.0;-106.0;-0.0055;-0.0072
24.0;-105.0;-0.0053;-0.0072
24.0;-104.0;-0.0046;-0.0074
24.0;-103.0;-0.0041;-0.0076
24.0;-102.0;-0.0040;-0.0077
24.0;-101.0;-0.0034;-0.0079
24.0;-100.0;-0.0041;-0.0079
24.0;-99.0;-0.0036;-0.0079
24.0;-98.0;-0.0031;-0.0080
24.0;-79.0;0.0021;-0.0082
24.0;-78.0;0.0026;-0.0081
24.0;-77.0;0.0030;-0.0080
24.0;-76.0;0.0035;-0.0080
24.0;-75.0;0.0040;-0.0079
23.0;-107.0;-0.0060;-0.0067
23.0;-106.0;-0.0055;-0.0067
23.0;-105.0;-0.0050;-0.0067
23.0;-104.0;-0.0046;-0.0069
23.0;-103.0;-0.0041;-0.0070
23.0;-102.0;-0.0037;-0.0072
23.0;-101.0;-0.0032;-0.0073
23.0;-100.0;-0.0039;-0.0073
23.0;-99.0;-0.0036;-0.0074
23.0;-98.0;-0.0031;-0.0074
23.0;-97.0;-0.0030;-0.0072
23.0;-79.0;0.0021;-0.0073
23.0;-78.0;0.0026;-0.0073
23.0;-77.0;0.0031;-0.0072
23.0;-76.0;0.0034;-0.0079
23.0;-75.0;0.0038;-0.0078
23.0;-74.0;0.0043;-0.0078
23.0;-73.0;0.0044;-0.0077
22.0;-106.0;-0.0042;-0.0053
22.0;-105.0;-0.0029;-0.0053
22.0;-104.0;-0.0036;-0.0057
22.0;-103.0;-0.0042;-0.0066
22.0;-102.0;-0.0035;-0.0066
22.0;-101.0;-0.0033;-0.0067
22.0;-100.0;-0.0033;-0.0068
22.0;-99.0;-0.0035;-0.0067
22.0;-98.0;-0.0035;-0.0064
22.0;-97.0;-0.0030;-0.0064
22.0;-96.0;-0.0025;-0.0064
22.0;-80.0;0.0017;-0.0064
22.0;-79.0;0.0022;-0.0064
22.0;-78.0;0.0028;-0.0068
22.0;-77.0;0.0032;-0.0070
22.0;-76.0;0.0037;-0.0069
22.0;-75.0;0.0039;-0.0071
22.0;-74.0;0.0043;-0.0072
22.0;-73.0;0.0040;-0.0058
22.0;-72.0;0.0043;-0.0051
21.0;-106.0;-0.0034;-0.0047
21.0;-105.0;-0.0029;-0.0047
21.0;-104.0;-0.0025;-0.0048
21.0;-103.0;-0.0022;-0.0050
21.0;-102.0;-0.0037;-0.0060
21.0;-101.0;-0.0034;-0.0061
21.0;-100.0;-0.0037;-0.0058
21.0;-99.0;-0.0042;-0.0059
21.0;-98.0;-0.0040;-0.0058
21.0;-97.0;-0.0035;-0.0058
21.0;-96.0;-0.0030;-0.0058
21.0;-95.0;-0.0026;-0.0063
21.0;-94.0;-0.0021;-0.0068
21.0;-93.0;-0.0020;-0.0068
21.0;-92.0;-0.0016;-0.0068
21.0;-91.0;-0.0019;-0.0068
21.0;-90.0;-0.0014;-0.0068
21.0;-89.0;-0.0009;-0.0067
21.0;-88.0;-0.0010;-0.0068
21.0;-87.0;-0.0007;-0.0068
21.0;-86.0;-0.0002;-0.0068
21.0;-85.0;0.0004;-0.0068
21.0;-84.0;0.0004;-0.0070
21.0;-83.0;0.0003;-0.0061
21.0;-82.0;0.0008;-0.0060
21.0;-81.0;0.0013;-0.0060
21.0;-80.0;0.0017;-0.0061
21.0;-79.0;0.0022;-0.0057
21.0;-78.0;0.0027;-0.0059
21.0;-77.0;0.0033;-0.0062
21.0;-76.0;0.0034;-0.0062
21.0;-75.0;0.0040;-0.0064
21.0;-74.0;0.0037;-0.0043
21.0;-73.0;0.0038;-0.0046
21.0;-72.0;0.0045;-0.0035
21.0;-71.0;0.0051;-0.0036
20.0;-106.0;-0.0043;-0.0044
20.0;-105.0;-0.0028;-0.0039
20.0;-104.0;-0.0017;-0.0036
20.0;-103.0;-0.0016;-0.0039
20.0;-102.0;-0.0018;-0.0045
20.0;-101.0;-0.0042;-0.0052
20.0;-100.0;-0.0046;-0.0051
20.0;-99.0;-0.0041;-0.0050
20.0;-98.0;-0.0040;-0.0052
20.0;-97.0;-0.0035;-0.0052
20.0;-96.0;-0.0013;-0.0054
20.0;-95.0;-0.0007;-0.0056
20.0;-94.0;-0.0015;-0.0059
20.0;-93.0;-0.0022;-0.0066
20.0;-92.0;-0.0015;-0.0062
20.0;-91.0;-0.0015;-0.0066
20.0;-90.0;-0.0014;-0.0062
20.0;-89.0;-0.0009;-0.0063
20.0;-88.0;-0.0010;-0.0064
20.0;-87.0;-0.0007;-0.0062
20.0;-86.0;-0.0002;-0.0062
20.0;-85.0;0.0004;-0.0048
20.0;-84.0;0.0005;-0.0053
20.0;-83.0;0.0005;-0.0045
20.0;-82.0;0.0008;-0.0054
20.0;-81.0;0.0013;-0.0054
20.0;-80.0;0.0018;-0.0053
20.0;-79.0;0.0022;-0.0051
20.0;-78.0;0.0027;-0.0051
20.0;-77.0;0.0046;0.0019
20.0;-76.0;0.0041;-0.0026
20.0;-75.0;0.0052;-0.0021
20.0;-74.0;0.0037;-0.0037
20.0;-73.0;0.0039;-0.0019
20.0;-72.0;0.0049;-0.0006
20.0;-71.0;0.0055;0.0005
19.0;-105.0;-0.0027;-0.0032
19.0;-104.0;-0.0006;-0.0024
19.0;-103.0;-0.0030;-0.0031
19.0;-102.0;-0.0023;-0.0034
19.0;-101.0;-0.0024;-0.0037
19.0;-100.0;-0.0046;-0.0045
19.0;-99.0;-0.0034;-0.0045
19.0;-98.0;-0.0039;-0.0043
19.0;-97.0;-0.0017;-0.0044
19.0;-96.0;-0.0012;-0.0050
19.0;-95.0;-0.0007;-0.0050
19.0;-94.0;-0.0003;-0.0050
19.0;-93.0;-0.0014;-0.0056
19.0;-92.0;-0.0015;-0.0062
19.0;-91.0;-0.0010;-0.0063
19.0;-90.0;-0.0013;-0.0062
19.0;-89.0;-0.0010;-0.0062
19.0;-88.0;-0.0008;-0.0062
19.0;-87.0;-0.0004;-0.0057
19.0;-86.0;0.0000;-0.0058
19.0;-85.0;0.0004;-0.0042
19.0;-84.0;0.0006;-0.0047
19.0;-83.0;0.0006;-0.0038
19.0;-82.0;0.0008;-0.0050
19.0;-81.0;0.0013;-0.0049
19.0;-80.0;0.0018;-0.0047
19.0;-79.0;0.0034;0.0009
19.0;-78.0;0.0052;0.0075
19.0;-77.0;0.0051;0.0045
19.0;-76.0;0.0058;0.0055
19.0;-75.0;0.0067;0.0052
19.0;-74.0;0.0052;0.0035
19.0;-73.0;0.0059;0.0052
19.0;-72.0;0.0055;0.0031
19.0;-71.0;0.0059;0.0033
19.0;-70.0;0.0067;0.0024
19.0;-69.0;0.0071;0.0038
19.0;-68.0;0.0103;0.0088
19.0;-67.0;0.0118;0.0094
19.0;-66.0;0.0125;0.0099
19.0;-65.0;0.0128;0.0098
19.0;-64.0;0.0133;0.0099
19.0;-63.0;0.0142;0.0099
18.0;-103.0;-0.0024;-0.0026
18.0;-102.0;-0.0024;-0.0029
18.0;-101.0;-0.0027;-0.0026
18.0;-100.0;-0.0033;-0.0039
18.0;-99.0;-0.0028;-0.0038
18.0;-98.0;-0.0022;-0.0039
18.0;-97.0;-0.0011;-0.0039
18.0;-96.0;-0.0012;-0.0044
18.0;-95.0;-0.0006;-0.0041
18.0;-94.0;0.0001;-0.0042
18.0;-93.0;-0.0011;-0.0050
18.0;-92.0;-0.0006;-0.0051
18.0;-91.0;-0.0027;-0.0074
18.0;-90.0;-0.0022;-0.0071
18.0;-89.0;-0.0016;-0.0067
18.0;-88.0;-0.0008;-0.0057
18.0;-87.0;0.0013;-0.0015
18.0;-86.0;0.0023;0.0014
18.0;-85.0;0.0029;0.0014
18.0;-84.0;0.0027;0.0014
18.0;-83.0;0.0008;-0.0028
18.0;-82.0;0.0011;-0.0033
18.0;-81.0;0.0013;-0.0042
18.0;-80.0;0.0018;-0.0042
18.0;-79.0;0.0034;0.0012
18.0;-78.0;0.0054;0.0086
18.0;-77.0;0.0059;0.0086
18.0;-76.0;0.0064;0.0086
18.0;-75.0;0.0073;0.0088
18.0;-74.0;0.0073;0.0090
18.0;-73.0;0.0076;0.0093
18.0;-72.0;0.0068;0.0074
18.0;-71.0;0.0069;0.0083
18.0;-70.0;0.0069;0.0063
18.0;-69.0;0.0081;0.0082
18.0;-68.0;0.0105;0.0094
18.0;-67.0;0.0121;0.0103
18.0;-66.0;0.0124;0.0104
18.0;-65.0;0.0127;0.0105
18.0;-64.0;0.0133;0.0105
18.0;-63.0;0.0157;0.0107
18.0;-62.0;0.0167;0.0107
18.0;-61.0;0.0178;0.0109
17.0;-101.0;-0.0027;-0.0020
17.0;-100.0;-0.0030;-0.0032
17.0;-99.0;-0.0025;-0.0033
17.0;-98.0;-0.0017;-0.0033
17.0;-97.0;0.0007;-0.0035
17.0;-96.0;-0.0012;-0.0038
17.0;-95.0;0.0004;-0.0036
17.0;-94.0;0.0004;-0.0036
17.0;-93.0;-0.0018;-0.0048
17.0;-92.0;-0.0021;-0.0057
17.0;-91.0;-0.0023;-0.0061
17.0;-90.0;-0.0023;-0.0065
17.0;-89.0;-0.0014;-0.0057
17.0;-88.0;0.0002;-0.0025
17.0;-87.0;0.0028;0.0025
17.0;-86.0;0.0022;0.0015
17.0;-85.0;0.0033;0.0042
17.0;-84.0;0.0045;0.0073
17.0;-83.0;0.0023;0.0016
17.0;-82.0;0.0020;-0.0001
17.0;-81.0;0.0016;-0.0027
17.0;-80.0;0.0026;-0.0000
17.0;-79.0;0.0049;0.0091
17.0;-78.0;0.0054;0.0092
17.0;-77.0;0.0060;0.0095
17.0;-76.0;0.0065;0.0096
17.0;-75.0;0.0076;0.0095
17.0;-74.0;0.0073;0.0096
17.0;-73.0;0.0076;0.0098
17.0;-72.0;0.0068;0.0100
17.0;-71.0;0.0073;0.0101
17.0;-70.0;0.0072;0.0093
17.0;-69.0;0.0078;0.0087
17.0;-68.0;0.0113;0.0104
17.0;-67.0;0.0122;0.0108
17.0;-66.0;0.0124;0.0110
17.0;-65.0;0.0127;0.0111
17.0;-64.0;0.0150;0.0110
17.0;-63.0;0.0159;0.0112
17.0;-62.0;0.0162;0.0114
17.0;-61.0;0.0169;0.0115
17.0;-60.0;0.0155;0.0117
16.0;-98.0;-0.0019;-0.0027
16.0;-97.0;-0.0011;-0.0027
16.0;-96.0;-0.0011;-0.0029
16.0;-95.0;0.0004;-0.0030
16.0;-94.0;-0.0029;-0.0045
16.0;-93.0;-0.0026;-0.0046
16.0;-92.0;-0.0014;-0.0044
16.0;-91.0;-0.0022;-0.0052
16.0;-90.0;-0.0023;-0.0057
16.0;-89.0;-0.0012;-0.0043
16.0;-88.0;0.0007;0.0000
16.0;-87.0;0.0042;0.0062
16.0;-86.0;0.0035;0.0065
16.0;-85.0;0.0040;0.0079
16.0;-84.0;0.0045;0.0079
16.0;-83.0;0.0036;0.0073
16.0;-82.0;0.0042;0.0076
16.0;-81.0;0.0047;0.0077
16.0;-80.0;0.0043;0.0071
16.0;-79.0;0.0054;0.0111
16.0;-78.0;0.0054;0.0097
16.0;-77.0;0.0061;0.0102
16.0;-76.0;0.0065;0.0100
16.0;-75.0;0.0073;0.0099
16.0;-74.0;0.0073;0.0102
16.0;-73.0;0.0076;0.0104
16.0;-72.0;0.0068;0.0105
16.0;-71.0;0.0068;0.0097
16.0;-70.0;0.0077;0.0103
16.0;-69.0;0.0087;0.0099
16.0;-68.0;0.0113;0.0109
16.0;-67.0;0.0123;0.0115
16.0;-66.0;0.0123;0.0121
16.0;-65.0;0.0126;0.0117
16.0;-64.0;0.0162;0.0118
16.0;-63.0;0.0161;0.0119
16.0;-62.0;0.0163;0.0121
16.0;-61.0;0.0167;0.0122
16.0;-60.0;0.0145;0.0126
15.0;-93.0;-0.0022;-0.0039
15.0;-92.0;-0.0015;-0.0031
15.0;-91.0;-0.0006;-0.0026
15.0;-90.0;-0.0007;-0.0016
15.0;-89.0;0.0004;0.0001
15.0;-88.0;0.0020;0.0068
15.0;-87.0;0.0040;0.0099
15.0;-86.0;0.0046;0.0100
15.0;-85.0;0.0053;0.0106
15.0;-84.0;0.0045;0.0085
15.0;-83.0;0.0039;0.0096
15.0;-82.0;0.0052;0.0122
15.0;-81.0;0.0057;0.0122
15.0;-80.0;0.0055;0.0120
15.0;-79.0;0.0054;0.0110
15.0;-78.0;0.0056;0.0108
15.0;-77.0;0.0060;0.0105
15.0;-76.0;0.0065;0.0105
15.0;-75.0;0.0073;0.0107
15.0;-74.0;0.0094;0.0112
15.0;-73.0;0.0098;0.0109
15.0;-72.0;0.0102;0.0118
15.0;-71.0;0.0107;0.0118
15.0;-70.0;0.0101;0.0116
15.0;-69.0;0.0104;0.0114
15.0;-68.0;0.0120;0.0121
15.0;-67.0;0.0121;0.0122
15.0;-66.0;0.0122;0.0124
15.0;-65.0;0.0144;0.0122
15.0;-64.0;0.0162;0.0123
15.0;-63.0;0.0165;0.0125
15.0;-62.0;0.0152;0.0129
15.0;-61.0;0.0141;0.0132
15.0;-60.0;0.0145;0.0134
15.0;-59.0;0.0148;0.0131
14.0;-92.0;0.0003;-0.0015
14.0;-91.0;0.0022;0.0012
14.0;-90.0;0.0018;0.0026
14.0;-89.0;0.0015;0.0044
14.0;-88.0;0.0020;0.0076
14.0;-87.0;0.0033;0.0090
14.0;-86.0;0.0045;0.0088
14.0;-85.0;0.0052;0.0095
14.0;-84.0;0.0051;0.0114
14.0;-83.0;0.0050;0.0128
14.0;-82.0;0.0052;0.0128
14.0;-81.0;0.0056;0.0128
14.0;-80.0;0.0062;0.0128
14.0;-79.0;0.0060;0.0126
14.0;-78.0;0.0064;0.0111
14.0;-77.0;0.0086;0.0104
14.0;-76.0;0.0098;0.0104
14.0;-75.0;0.0123;0.0098
14.0;-74.0;0.0128;0.0109
14.0;-73.0;0.0133;0.0109
14.0;-72.0;0.0124;0.0118
14.0;-71.0;0.0114;0.0123
14.0;-70.0;0.0119;0.0123
14.0;-69.0;0.0123;0.0124
14.0;-68.0;0.0120;0.0127
14.0;-67.0;0.0125;0.0127
14.0;-66.0;0.0126;0.0128
14.0;-65.0;0.0126;0.0129
14.0;-64.0;0.0125;0.0134
14.0;-63.0;0.0129;0.0135
14.0;-62.0;0.0134;0.0135
14.0;-61.0;0.0138;0.0142
14.0;-60.0;0.0145;0.0138
14.0;-59.0;0.0149;0.0134
14.0;-58.0;0.0154;0.0136
13.0;-89.0;0.0028;0.0075
13.0;-88.0;0.0021;0.0100
13.0;-87.0;0.0038;0.0095
13.0;-86.0;0.0047;0.0093
13.0;-85.0;0.0051;0.0107
13.0;-84.0;0.0052;0.0116
13.0;-83.0;0.0047;0.0133
13.0;-82.0;0.0051;0.0133
13.0;-81.0;0.0055;0.0134
13.0;-80.0;0.0062;0.0134
13.0;-79.0;0.0086;0.0147
13.0;-78.0;0.0085;0.0113
13.0;-77.0;0.0102;0.0101
13.0;-76.0;0.0121;0.0095
13.0;-75.0;0.0126;0.0095
13.0;-74.0;0.0130;0.0109
13.0;-73.0;0.0133;0.0115
13.0;-72.0;0.0124;0.0123
13.0;-71.0;0.0115;0.0127
13.0;-70.0;0.0117;0.0130
13.0;-69.0;0.0121;0.0130
13.0;-68.0;0.0128;0.0130
13.0;-67.0;0.0133;0.0123
13.0;-66.0;0.0123;0.0134
13.0;-65.0;0.0122;0.0138
13.0;-64.0;0.0125;0.0138
13.0;-63.0;0.0126;0.0137
13.0;-62.0;0.0134;0.0139
13.0;-61.0;0.0137;0.0139
13.0;-60.0;0.0142;0.0138
13.0;-59.0;0.0149;0.0138
13.0;-58.0;0.0154;0.0140
12.0;-88.0;0.0029;0.0104
12.0;-87.0;0.0053;0.0089
12.0;-86.0;0.0063;0.0086
12.0;-85.0;0.0069;0.0086
12.0;-84.0;0.0110;0.0111
12.0;-83.0;0.0060;0.0146
12.0;-82.0;0.0069;0.0151
12.0;-81.0;0.0065;0.0151
12.0;-80.0;0.0073;0.0148
12.0;-79.0;0.0088;0.0154
12.0;-78.0;0.0099;0.0129
12.0;-77.0;0.0102;0.0106
12.0;-76.0;0.0107;0.0106
12.0;-75.0;0.0117;0.0109
12.0;-74.0;0.0136;0.0102
12.0;-73.0;0.0138;0.0112
12.0;-72.0;0.0134;0.0113
12.0;-71.0;0.0125;0.0119
12.0;-70.0;0.0117;0.0135
12.0;-69.0;0.0119;0.0136
12.0;-68.0;0.0130;0.0127
12.0;-67.0;0.0139;0.0126
12.0;-66.0;0.0123;0.0139
12.0;-65.0;0.0116;0.0135
12.0;-64.0;0.0121;0.0136
12.0;-63.0;0.0125;0.0136
12.0;-62.0;0.0129;0.0133
12.0;-61.0;0.0134;0.0137
12.0;-60.0;0.0138;0.0136
12.0;-59.0;0.0143;0.0139
12.0;-58.0;0.0147;0.0138
11.0;-87.0;0.0068;0.0071
11.0;-86.0;0.0104;0.0099
11.0;-85.0;0.0109;0.0099
11.0;-84.0;0.0124;0.0125
11.0;-83.0;0.0146;0.0153
11.0;-82.0;0.0080;0.0172
11.0;-81.0;0.0082;0.0167
11.0;-80.0;0.0113;0.0177
11.0;-79.0;0.0118;0.0177
11.0;-78.0;0.0118;0.0179
11.0;-77.0;0.0102;0.0112
11.0;-76.0;0.0110;0.0114
11.0;-75.0;0.0122;0.0107
11.0;-74.0;0.0136;0.0109
11.0;-73.0;0.0143;0.0105
11.0;-72.0;0.0139;0.0113
11.0;-71.0;0.0132;0.0123
11.0;-70.0;0.0125;0.0128
11.0;-69.0;0.0126;0.0131
11.0;-68.0;0.0132;0.0130
11.0;-67.0;0.0138;0.0130
11.0;-66.0;0.0124;0.0143
11.0;-65.0;0.0116;0.0141
11.0;-64.0;0.0120;0.0137
11.0;-63.0;0.0124;0.0137
11.0;-62.0;0.0129;0.0138
11.0;-61.0;0.0133;0.0138
11.0;-60.0;0.0138;0.0140
11.0;-59.0;0.0142;0.0136
11.0;-58.0;0.0147;0.0137
10.0;-86.0;0.0116;0.0105
10.0;-85.0;0.0133;0.0127
10.0;-84.0;0.0145;0.0141
10.0;-83.0;0.0094;0.0184
10.0;-82.0;0.0140;0.0213
10.0;-81.0;0.0101;0.0194
10.0;-80.0;0.0108;0.0196
10.0;-79.0;0.0120;0.0196
10.0;-78.0;0.0123;0.0203
10.0;-77.0;0.0107;0.0174
10.0;-76.0;0.0109;0.0130
10.0;-75.0;0.0118;0.0122
10.0;-74.0;0.0125;0.0105
10.0;-73.0;0.0142;0.0096
10.0;-72.0;0.0144;0.0098
10.0;-71.0;0.0143;0.0081
10.0;-70.0;0.0119;0.0026
10.0;-69.0;0.0120;0.0026
10.0;-68.0;0.0126;0.0027
10.0;-67.0;0.0124;0.0014
10.0;-66.0;0.0123;0.0022
10.0;-65.0;0.0124;0.0023
10.0;-64.0;0.0119;0.0013
10.0;-63.0;0.0119;0.0003
10.0;-62.0;0.0121;0.0003
10.0;-61.0;0.0121;-0.0001
9.0;-84.0;0.0150;0.0172
9.0;-83.0;0.0144;0.0186
9.0;-82.0;0.0128;0.0215
9.0;-81.0;0.0112;0.0203
9.0;-80.0;0.0107;0.0198
9.0;-79.0;0.0115;0.0203
9.0;-78.0;0.0121;0.0200
9.0;-77.0;0.0112;0.0175
9.0;-76.0;0.0112;0.0138
9.0;-75.0;0.0118;0.0123
9.0;-74.0;0.0129;0.0103
9.0;-73.0;0.0136;0.0081
9.0;-72.0;0.0135;0.0069
9.0;-71.0;0.0127;0.0038
9.0;-70.0;0.0129;0.0039
9.0;-69.0;0.0120;0.0027
9.0;-68.0;0.0122;0.0022
9.0;-67.0;0.0117;-0.0003
9.0;-66.0;0.0117;0.0001
9.0;-65.0;0.0118;0.0005
9.0;-64.0;0.0118;-0.0001
9.0;-63.0;0.0119;-0.0000
9.0;-62.0;0.0121;0.0001
9.0;-61.0;0.0120;-0.0008
8.0;-83.0;0.0161;0.0227
8.0;-82.0;0.0132;0.0226
8.0;-81.0;0.0108;0.0209
8.0;-80.0;0.0106;0.0201
8.0;-79.0;0.0114;0.0204
8.0;-78.0;0.0121;0.0202
8.0;-77.0;0.0118;0.0184
8.0;-76.0;0.0116;0.0138
8.0;-75.0;0.0134;0.0089
8.0;-74.0;0.0133;0.0078
8.0;-73.0;0.0135;0.0061
8.0;-72.0;0.0131;0.0048
8.0;-71.0;0.0122;0.0007
8.0;-70.0;0.0124;0.0007
8.0;-69.0;0.0121;0.0010
8.0;-68.0;0.0129;0.0031
8.0;-67.0;0.0117;-0.0003
8.0;-66.0;0.0117;-0.0000
8.0;-65.0;0.0118;0.0003
8.0;-64.0;0.0121;0.0000
8.0;-63.0;0.0122;0.0001
8.0;-62.0;0.0120;-0.0007
8.0;-61.0;0.0122;-0.0017
8.0;-60.0;0.0119;-0.0026
8.0;-59.0;0.0116;-0.0034
7.0;-78.0;0.0119;0.0203
7.0;-77.0;0.0131;0.0101
7.0;-76.0;0.0138;0.0089
7.0;-75.0;0.0142;0.0063
7.0;-74.0;0.0144;0.0060
7.0;-73.0;0.0135;0.0054
7.0;-72.0;0.0130;0.0035
7.0;-71.0;0.0110;-0.0017
7.0;-70.0;0.0120;-0.0001
7.0;-69.0;0.0127;0.0015
7.0;-68.0;0.0127;0.0019
7.0;-67.0;0.0117;-0.0003
7.0;-66.0;0.0117;-0.0001
7.0;-65.0;0.0117;-0.0007
7.0;-64.0;0.0121;-0.0001
7.0;-63.0;0.0122;-0.0001
7.0;-62.0;0.0122;-0.0016
7.0;-61.0;0.0121;-0.0019
7.0;-60.0;0.0116;-0.0034
7.0;-59.0;0.0116;-0.0034
7.0;-58.0;0.0116;-0.0033
6.0;-78.0;0.0130;0.0100
6.0;-77.0;0.0144;0.0044
6.0;-76.0;0.0145;0.0049
6.0;-75.0;0.0143;0.0043
6.0;-74.0;0.0140;0.0042
6.0;-73.0;0.0134;0.0033
6.0;-72.0;0.0123;0.0017
6.0;-71.0;0.0113;0.0005
6.0;-70.0;0.0116;0.0009
6.0;-69.0;0.0119;0.0011
6.0;-68.0;0.0103;-0.0011
6.0;-67.0;0.0104;-0.0010
6.0;-66.0;0.0117;-0.0001
6.0;-65.0;0.0120;-0.0002
6.0;-64.0;0.0121;-0.0001
6.0;-63.0;0.0119;-0.0009
6.0;-62.0;0.0121;-0.0018
6.0;-61.0;0.0120;-0.0021
6.0;-60.0;0.0116;-0.0033
6.0;-59.0;0.0117;-0.0033
6.0;-58.0;0.0116;-0.0034
6.0;-57.0;0.0115;-0.0036
6.0;-56.0;0.0118;-0.0032
6.0;-55.0;0.0118;-0.0032
6.0;-54.0;0.0119;-0.0033
5.0;-78.0;0.0140;0.0058
5.0;-77.0;0.0140;0.0048
5.0;-76.0;0.0142;0.0047
5.0;-75.0;0.0141;0.0040
5.0;-74.0;0.0138;0.0029
5.0;-73.0;0.0130;0.0014
5.0;-72.0;0.0115;0.0013
5.0;-71.0;0.0103;-0.0012
5.0;-70.0;0.0109;-0.0004
5.0;-69.0;0.0120;0.0001
5.0;-68.0;0.0120;0.0001
5.0;-67.0;0.0106;-0.0015
5.0;-66.0;0.0106;-0.0014
5.0;-65.0;0.0119;-0.0017
5.0;-64.0;0.0120;-0.0017
5.0;-63.0;0.0120;-0.0017
5.0;-62.0;0.0120;-0.0019
5.0;-61.0;0.0115;-0.0033
5.0;-60.0;0.0116;-0.0033
5.0;-59.0;0.0117;-0.0034
5.0;-58.0;0.0116;-0.0032
5.0;-57.0;0.0117;-0.0033
5.0;-56.0;0.0118;-0.0032
5.0;-55.0;0.0118;-0.0034
5.0;-54.0;0.0119;-0.0033
5.0;-53.0;0.0121;-0.0035
5.0;-52.0;0.0120;-0.0033
4.0;-78.0;0.0132;0.0057
4.0;-77.0;0.0135;0.0052
4.0;-76.0;0.0137;0.0042
4.0;-75.0;0.0137;0.0027
4.0;-74.0;0.0132;0.0016
4.0;-73.0;0.0118;-0.0004
4.0;-72.0;0.0101;-0.0025
4.0;-71.0;0.0100;-0.0026
4.0;-70.0;0.0101;-0.0031
4.0;-69.0;0.0102;-0.0030
4.0;-68.0;0.0102;-0.0024
4.0;-67.0;0.0103;-0.0024
4.0;-66.0;0.0105;-0.0025
4.0;-65.0;0.0112;-0.0012
4.0;-64.0;0.0120;-0.0017
4.0;-63.0;0.0119;-0.0022
4.0;-62.0;0.0119;-0.0022
4.0;-61.0;0.0115;-0.0032
4.0;-60.0;0.0116;-0.0033
4.0;-59.0;0.0117;-0.0033
4.0;-58.0;0.0117;-0.0033
4.0;-57.0;0.0117;-0.0032
4.0;-56.0;0.0118;-0.0032
4.0;-55.0;0.0119;-0.0032
4.0;-54.0;0.0119;-0.0032
4.0;-53.0;0.0120;-0.0033
4.0;-52.0;0.0120;-0.0033
4.0;-51.0;0.0120;-0.0031
3.0;-78.0;0.0129;0.0086
3.0;-77.0;0.0133;0.0053
3.0;-76.0;0.0130;0.0037
3.0;-75.0;0.0131;0.0029
3.0;-74.0;0.0126;-0.0015
3.0;-73.0;0.0100;-0.0033
3.0;-72.0;0.0101;-0.0033
3.0;-71.0;0.0102;-0.0033
3.0;-70.0;0.0104;-0.0033
3.0;-69.0;0.0104;-0.0029
3.0;-68.0;0.0105;-0.0028
3.0;-67.0;0.0103;-0.0023
3.0;-66.0;0.0105;-0.0024
3.0;-65.0;0.0111;-0.0030
3.0;-64.0;0.0119;-0.0035
3.0;-63.0;0.0119;-0.0034
3.0;-62.0;0.0116;-0.0032
3.0;-61.0;0.0118;-0.0034
3.0;-60.0;0.0116;-0.0032
3.0;-59.0;0.0117;-0.0032
3.0;-58.0;0.0117;-0.0032
3.0;-57.0;0.0117;-0.0031
3.0;-56.0;0.0118;-0.0031
3.0;-55.0;0.0119;-0.0032
3.0;-54.0;0.0119;-0.0032
3.0;-53.0;0.0119;-0.0031
3.0;-52.0;0.0119;-0.0031
3.0;-51.0;0.0120;-0.0030
2.0;-78.0;0.0118;0.0010
2.0;-77.0;0.0116;0.0037
2.0;-76.0;0.0118;0.0003
2.0;-75.0;0.0124;0.0013
2.0;-74.0;0.0115;-0.0022
2.0;-73.0;0.0100;-0.0032
2.0;-72.0;0.0101;-0.0032
2.0;-71.0;0.0102;-0.0032
2.0;-70.0;0.0103;-0.0028
2.0;-69.0;0.0104;-0.0028
2.0;-68.0;0.0105;-0.0027
2.0;-67.0;0.0110;-0.0031
2.0;-66.0;0.0117;-0.0034
2.0;-65.0;0.0118;-0.0034
2.0;-64.0;0.0119;-0.0034
2.0;-63.0;0.0120;-0.0034
2.0;-62.0;0.0121;-0.0029
2.0;-61.0;0.0119;-0.0032
2.0;-60.0;0.0120;-0.0032
2.0;-59.0;0.0117;-0.0032
2.0;-58.0;0.0117;-0.0032
2.0;-57.0;0.0118;-0.0032
2.0;-56.0;0.0118;-0.0031
2.0;-55.0;0.0119;-0.0031
2.0;-54.0;0.0118;-0.0030
2.0;-53.0;0.0119;-0.0030
2.0;-52.0;0.0119;-0.0030
2.0;-51.0;0.0120;-0.0030
2.0;-50.0;0.0123;-0.0030
1.0;-79.0;0.0142;-0.0156
1.0;-78.0;0.0129;-0.0124
1.0;-77.0;0.0109;-0.0048
1.0;-76.0;0.0108;-0.0029
1.0;-75.0;0.0124;0.0014
1.0;-74.0;0.0115;-0.0021
1.0;-73.0;0.0114;-0.0026
1.0;-72.0;0.0101;-0.0031
1.0;-71.0;0.0104;-0.0030
1.0;-70.0;0.0103;-0.0027
1.0;-69.0;0.0104;-0.0027
1.0;-68.0;0.0105;-0.0027
1.0;-67.0;0.0110;-0.0028
1.0;-66.0;0.0117;-0.0033
1.0;-65.0;0.0118;-0.0033
1.0;-64.0;0.0119;-0.0033
1.0;-63.0;0.0122;-0.0032
1.0;-62.0;0.0124;-0.0034
1.0;-61.0;0.0123;-0.0032
1.0;-60.0;0.0121;-0.0031
1.0;-59.0;0.0121;-0.0031
1.0;-58.0;0.0121;-0.0031
1.0;-57.0;0.0121;-0.0030
1.0;-56.0;0.0118;-0.0030
1.0;-55.0;0.0117;-0.0028
1.0;-54.0;0.0120;-0.0031
1.0;-53.0;0.0121;-0.0031
1.0;-52.0;0.0121;-0.0030
1.0;-51.0;0.0123;-0.0030
1.0;-50.0;0.0123;-0.0030
0.0;-80.0;0.0162;-0.0228
0.0;-79.0;0.0152;-0.0148
0.0;-78.0;0.0139;-0.0116
0.0;-77.0;0.0118;-0.0126
0.0;-76.0;0.0099;-0.0058
0.0;-75.0;0.0100;-0.0058
0.0;-74.0;0.0103;-0.0056
0.0;-73.0;0.0113;-0.0021
0.0;-72.0;0.0100;-0.0029
0.0;-71.0;0.0101;-0.0026
0.0;-70.0;0.0103;-0.0026
0.0;-69.0;0.0104;-0.0026
0.0;-68.0;0.0110;-0.0028
0.0;-67.0;0.0117;-0.0032
0.0;-66.0;0.0117;-0.0032
0.0;-65.0;0.0118;-0.0032
0.0;-64.0;0.0119;-0.0033
0.0;-63.0;0.0122;-0.0032
0.0;-62.0;0.0124;-0.0034
0.0;-61.0;0.0124;-0.0034
0.0;-60.0;0.0126;-0.0032
0.0;-59.0;0.0126;-0.0029
0.0;-58.0;0.0126;-0.0029
0.0;-57.0;0.0127;-0.0029
0.0;-56.0;0.0124;-0.0029
0.0;-55.0;0.0122;-0.0029
0.0;-54.0;0.0120;-0.0030
0.0;-53.0;0.0121;-0.0030
0.0;-52.0;0.0121;-0.0030
0.0;-51.0;0.0122;-0.0030
0.0;-50.0;0.0123;-0.0030
0.0;-49.0;0.0123;-0.0030
0.0;-48.0;0.0123;-0.0030
0.0;-47.0;0.0126;-0.0030
-1.0;-80.0;0.0140;-0.0104
-1.0;-79.0;0.0134;-0.0145
-1.0;-78.0;0.0136;-0.0103
-1.0;-77.0;0.0127;-0.0086
-1.0;-76.0;0.0109;-0.0070
-1.0;-75.0;0.0103;-0.0069
-1.0;-74.0;0.0103;-0.0048
-1.0;-73.0;0.0104;-0.0032
-1.0;-72.0;0.0105;-0.0032
-1.0;-71.0;0.0109;-0.0027
-1.0;-70.0;0.0111;-0.0027
-1.0;-69.0;0.0114;-0.0031
-1.0;-68.0;0.0116;-0.0031
-1.0;-67.0;0.0117;-0.0031
-1.0;-66.0;0.0117;-0.0031
-1.0;-65.0;0.0118;-0.0031
-1.0;-64.0;0.0119;-0.0031
-1.0;-63.0;0.0123;-0.0031
-1.0;-62.0;0.0125;-0.0033
-1.0;-61.0;0.0125;-0.0033
-1.0;-60.0;0.0126;-0.0031
-1.0;-59.0;0.0126;-0.0027
-1.0;-58.0;0.0126;-0.0027
-1.0;-57.0;0.0127;-0.0029
-1.0;-56.0;0.0129;-0.0029
-1.0;-55.0;0.0122;-0.0028
-1.0;-54.0;0.0120;-0.0029
-1.0;-53.0;0.0121;-0.0029
-1.0;-52.0;0.0121;-0.0029
-1.0;-51.0;0.0124;-0.0030
-1.0;-50.0;0.0123;-0.0029
-1.0;-49.0;0.0123;-0.0029
-1.0;-48.0;0.0123;-0.0029
-1.0;-47.0;0.0131;-0.0027
-1.0;-46.0;0.0133;-0.0030
-1.0;-45.0;0.0133;-0.0030
-2.0;-81.0;0.0088;0.0047
-2.0;-80.0;0.0095;0.0028
-2.0;-79.0;0.0131;-0.0060
-2.0;-78.0;0.0109;-0.0039
-2.0;-77.0;0.0124;-0.0040
-2.0;-76.0;0.0101;-0.0051
-2.0;-75.0;0.0102;-0.0045
-2.0;-74.0;0.0102;-0.0043
-2.0;-73.0;0.0105;-0.0045
-2.0;-72.0;0.0105;-0.0031
-2.0;-71.0;0.0109;-0.0026
-2.0;-70.0;0.0113;-0.0029
-2.0;-69.0;0.0114;-0.0028
-2.0;-68.0;0.0116;-0.0030
-2.0;-67.0;0.0117;-0.0030
-2.0;-66.0;0.0117;-0.0030
-2.0;-65.0;0.0118;-0.0030
-2.0;-64.0;0.0119;-0.0030
-2.0;-63.0;0.0124;-0.0032
-2.0;-62.0;0.0125;-0.0032
-2.0;-61.0;0.0126;-0.0032
-2.0;-60.0;0.0127;-0.0030
-2.0;-59.0;0.0127;-0.0026
-2.0;-58.0;0.0127;-0.0026
-2.0;-57.0;0.0128;-0.0028
-2.0;-56.0;0.0129;-0.0028
-2.0;-55.0;0.0122;-0.0028
-2.0;-54.0;0.0123;-0.0031
-2.0;-53.0;0.0121;-0.0029
-2.0;-52.0;0.0121;-0.0029
-2.0;-51.0;0.0122;-0.0029
-2.0;-50.0;0.0123;-0.0029
-2.0;-49.0;0.0123;-0.0029
-2.0;-48.0;0.0129;-0.0030
-2.0;-47.0;0.0133;-0.0030
-2.0;-46.0;0.0133;-0.0030
-2.0;-45.0;0.0130;-0.0030
-2.0;-44.0;0.0131;-0.0029
-2.0;-43.0;0.0134;-0.0033
-3.0;-81.0;0.0075;0.0066
-3.0;-80.0;0.0087;0.0034
-3.0;-79.0;0.0087;0.0016
-3.0;-78.0;0.0103;0.0002
-3.0;-77.0;0.0117;-0.0021
-3.0;-76.0;0.0101;-0.0044
-3.0;-75.0;0.0102;-0.0044
-3.0;-74.0;0.0102;-0.0034
-3.0;-73.0;0.0110;-0.0038
-3.0;-72.0;0.0107;-0.0038
-3.0;-71.0;0.0108;-0.0029
-3.0;-70.0;0.0110;-0.0021
-3.0;-69.0;0.0114;-0.0026
-3.0;-68.0;0.0116;-0.0029
-3.0;-67.0;0.0117;-0.0029
-3.0;-66.0;0.0117;-0.0029
-3.0;-65.0;0.0118;-0.0029
-3.0;-64.0;0.0121;-0.0028
-3.0;-63.0;0.0124;-0.0031
-3.0;-62.0;0.0125;-0.0031
-3.0;-61.0;0.0125;-0.0029
-3.0;-60.0;0.0129;-0.0032
-3.0;-59.0;0.0128;-0.0030
-3.0;-58.0;0.0127;-0.0028
-3.0;-57.0;0.0128;-0.0028
-3.0;-56.0;0.0129;-0.0028
-3.0;-55.0;0.0124;-0.0027
-3.0;-54.0;0.0122;-0.0027
-3.0;-53.0;0.0124;-0.0029
-3.0;-52.0;0.0121;-0.0028
-3.0;-51.0;0.0126;-0.0030
-3.0;-50.0;0.0131;-0.0033
-3.0;-49.0;0.0131;-0.0033
-3.0;-48.0;0.0132;-0.0033
-3.0;-47.0;0.0133;-0.0032
-3.0;-46.0;0.0132;-0.0031
-3.0;-45.0;0.0131;-0.0029
-3.0;-44.0;0.0132;-0.0028
-3.0;-43.0;0.0130;-0.0029
-3.0;-42.0;0.0134;-0.0035
-3.0;-41.0;0.0137;-0.0037
-3.0;-40.0;0.0141;-0.0039
-3.0;-39.0;0.0141;-0.0038
-4.0;-81.0;0.0078;0.0045
-4.0;-80.0;0.0075;0.0028
-4.0;-79.0;0.0078;0.0017
-4.0;-78.0;0.0077;0.0015
-4.0;-77.0;0.0083;0.0006
-4.0;-76.0;0.0098;-0.0015
-4.0;-75.0;0.0099;-0.0016
-4.0;-74.0;0.0103;-0.0025
-4.0;-73.0;0.0107;-0.0012
-4.0;-72.0;0.0108;-0.0012
-4.0;-71.0;0.0109;-0.0014
-4.0;-70.0;0.0110;-0.0018
-4.0;-69.0;0.0114;-0.0025
-4.0;-68.0;0.0116;-0.0028
-4.0;-67.0;0.0117;-0.0028
-4.0;-66.0;0.0117;-0.0028
-4.0;-65.0;0.0118;-0.0028
-4.0;-64.0;0.0123;-0.0030
-4.0;-63.0;0.0124;-0.0030
-4.0;-62.0;0.0125;-0.0030
-4.0;-61.0;0.0125;-0.0031
-4.0;-60.0;0.0128;-0.0031
-4.0;-59.0;0.0129;-0.0030
-4.0;-58.0;0.0127;-0.0027
-4.0;-57.0;0.0128;-0.0027
-4.0;-56.0;0.0129;-0.0027
-4.0;-55.0;0.0124;-0.0026
-4.0;-54.0;0.0125;-0.0027
-4.0;-53.0;0.0130;-0.0029
-4.0;-52.0;0.0126;-0.0027
-4.0;-51.0;0.0131;-0.0032
-4.0;-50.0;0.0131;-0.0032
-4.0;-49.0;0.0132;-0.0032
-4.0;-48.0;0.0132;-0.0033
-4.0;-47.0;0.0133;-0.0030
-4.0;-46.0;0.0133;-0.0030
-4.0;-45.0;0.0131;-0.0028
-4.0;-44.0;0.0130;-0.0029
-4.0;-43.0;0.0129;-0.0029
-4.0;-42.0;0.0134;-0.0035
-4.0;-41.0;0.0137;-0.0037
-4.0;-40.0;0.0142;-0.0039
-4.0;-39.0;0.0141;-0.0038
-4.0;-38.0;0.0144;-0.0036
-5.0;-81.0;0.0069;0.0031
-5.0;-80.0;0.0070;0.0030
-5.0;-79.0;0.0072;0.0030
-5.0;-78.0;0.0079;0.0018
-5.0;-77.0;0.0078;0.0016
-5.0;-76.0;0.0088;0.0002
-5.0;-75.0;0.0105;-0.0010
-5.0;-74.0;0.0106;-0.0011
-5.0;-73.0;0.0107;-0.0011
-5.0;-72.0;0.0108;-0.0011
-5.0;-71.0;0.0109;-0.0011
-5.0;-70.0;0.0110;-0.0017
-5.0;-69.0;0.0114;-0.0022
-5.0;-68.0;0.0116;-0.0024
-5.0;-67.0;0.0117;-0.0024
-5.0;-66.0;0.0118;-0.0029
-5.0;-65.0;0.0119;-0.0029
-5.0;-64.0;0.0120;-0.0029
-5.0;-63.0;0.0123;-0.0028
-5.0;-62.0;0.0125;-0.0030
-5.0;-61.0;0.0125;-0.0030
-5.0;-60.0;0.0128;-0.0029
-5.0;-59.0;0.0128;-0.0028
-5.0;-58.0;0.0127;-0.0026
-5.0;-57.0;0.0128;-0.0027
-5.0;-56.0;0.0129;-0.0027
-5.0;-55.0;0.0129;-0.0027
-5.0;-54.0;0.0129;-0.0028
-5.0;-53.0;0.0130;-0.0028
-5.0;-52.0;0.0130;-0.0029
-5.0;-51.0;0.0131;-0.0032
-5.0;-50.0;0.0131;-0.0032
-5.0;-49.0;0.0132;-0.0032
-5.0;-48.0;0.0130;-0.0032
-5.0;-47.0;0.0133;-0.0030
-5.0;-46.0;0.0128;-0.0035
-5.0;-45.0;0.0130;-0.0030
-5.0;-44.0;0.0126;-0.0029
-5.0;-43.0;0.0124;-0.0030
-5.0;-42.0;0.0128;-0.0035
-5.0;-41.0;0.0134;-0.0035
-5.0;-40.0;0.0140;-0.0038
-5.0;-39.0;0.0144;-0.0036
-5.0;-38.0;0.0143;-0.0036
-5.0;-37.0;0.0141;-0.0036
-5.0;-36.0;0.0139;-0.0039
-5.0;-35.0;0.0140;-0.0038
-6.0;-81.0;0.0069;0.0032
-6.0;-80.0;0.0070;0.0032
-6.0;-79.0;0.0072;0.0032
-6.0;-78.0;0.0073;0.0032
-6.0;-77.0;0.0083;0.0018
-6.0;-76.0;0.0100;-0.0003
-6.0;-75.0;0.0105;-0.0009
-6.0;-74.0;0.0106;-0.0009
-6.0;-73.0;0.0107;-0.0009
-6.0;-72.0;0.0108;-0.0010
-6.0;-71.0;0.0109;-0.0010
-6.0;-70.0;0.0112;-0.0013
-6.0;-69.0;0.0113;-0.0015
-6.0;-68.0;0.0118;-0.0025
-6.0;-67.0;0.0118;-0.0024
-6.0;-66.0;0.0118;-0.0028
-6.0;-65.0;0.0119;-0.0028
-6.0;-64.0;0.0120;-0.0028
-6.0;-63.0;0.0121;-0.0029
-6.0;-62.0;0.0124;-0.0028
-6.0;-61.0;0.0124;-0.0028
-6.0;-60.0;0.0126;-0.0023
-6.0;-59.0;0.0127;-0.0024
-6.0;-58.0;0.0129;-0.0025
-6.0;-57.0;0.0130;-0.0025
-6.0;-56.0;0.0130;-0.0026
-6.0;-55.0;0.0129;-0.0027
-6.0;-54.0;0.0130;-0.0028
-6.0;-53.0;0.0130;-0.0028
-6.0;-52.0;0.0130;-0.0029
-6.0;-51.0;0.0131;-0.0031
-6.0;-50.0;0.0131;-0.0032
-6.0;-49.0;0.0130;-0.0033
-6.0;-48.0;0.0130;-0.0033
-6.0;-47.0;0.0130;-0.0034
-6.0;-46.0;0.0128;-0.0035
-6.0;-45.0;0.0124;-0.0033
-6.0;-44.0;0.0124;-0.0030
-6.0;-43.0;0.0123;-0.0030
-6.0;-42.0;0.0127;-0.0033
-6.0;-41.0;0.0124;-0.0030
-6.0;-40.0;0.0136;-0.0035
-6.0;-39.0;0.0142;-0.0032
-6.0;-38.0;0.0140;-0.0036
-6.0;-37.0;0.0137;-0.0039
-6.0;-36.0;0.0140;-0.0038
-6.0;-35.0;0.0133;-0.0038
-7.0;-80.0;0.0070;0.0033
-7.0;-79.0;0.0072;0.0033
-7.0;-78.0;0.0086;0.0018
-7.0;-77.0;0.0087;0.0018
-7.0;-76.0;0.0104;-0.0008
-7.0;-75.0;0.0105;-0.0008
-7.0;-74.0;0.0106;-0.0008
-7.0;-73.0;0.0107;-0.0008
-7.0;-72.0;0.0108;-0.0009
-7.0;-71.0;0.0109;-0.0009
-7.0;-70.0;0.0112;-0.0012
-7.0;-69.0;0.0113;-0.0014
-7.0;-68.0;0.0114;-0.0017
-7.0;-67.0;0.0117;-0.0020
-7.0;-66.0;0.0117;-0.0020
-7.0;-65.0;0.0117;-0.0023
-7.0;-64.0;0.0120;-0.0028
-7.0;-63.0;0.0123;-0.0026
-7.0;-62.0;0.0123;-0.0022
-7.0;-61.0;0.0126;-0.0022
-7.0;-60.0;0.0127;-0.0023
-7.0;-59.0;0.0130;-0.0021
-7.0;-58.0;0.0129;-0.0024
-7.0;-57.0;0.0130;-0.0024
-7.0;-56.0;0.0129;-0.0029
-7.0;-55.0;0.0129;-0.0027
-7.0;-54.0;0.0129;-0.0027
-7.0;-53.0;0.0130;-0.0027
-7.0;-52.0;0.0129;-0.0030
-7.0;-51.0;0.0129;-0.0031
-7.0;-50.0;0.0130;-0.0031
-7.0;-49.0;0.0129;-0.0034
-7.0;-48.0;0.0128;-0.0035
-7.0;-47.0;0.0128;-0.0036
-7.0;-46.0;0.0126;-0.0033
-7.0;-45.0;0.0124;-0.0035
-7.0;-44.0;0.0121;-0.0036
-7.0;-43.0;0.0122;-0.0031
-7.0;-42.0;0.0124;-0.0031
-7.0;-41.0;0.0126;-0.0031
-7.0;-40.0;0.0133;-0.0034
-7.0;-39.0;0.0134;-0.0034
-7.0;-38.0;0.0133;-0.0035
-7.0;-37.0;0.0130;-0.0043
-7.0;-36.0;0.0134;-0.0040
-7.0;-35.0;0.0134;-0.0040
-8.0;-80.0;0.0087;0.0075
-8.0;-79.0;0.0098;0.0065
-8.0;-78.0;0.0101;0.0067
-8.0;-77.0;0.0102;0.0053
-8.0;-76.0;0.0115;0.0052
-8.0;-75.0;0.0110;0.0018
-8.0;-74.0;0.0106;-0.0007
-8.0;-73.0;0.0107;-0.0007
-8.0;-72.0;0.0108;-0.0008
-8.0;-71.0;0.0110;-0.0007
-8.0;-70.0;0.0113;-0.0005
-8.0;-69.0;0.0113;-0.0007
-8.0;-68.0;0.0114;-0.0015
-8.0;-67.0;0.0115;-0.0015
-8.0;-66.0;0.0115;-0.0015
-8.0;-65.0;0.0114;-0.0018
-8.0;-64.0;0.0118;-0.0018
-8.0;-63.0;0.0120;-0.0017
-8.0;-62.0;0.0120;-0.0018
-8.0;-61.0;0.0123;-0.0019
-8.0;-60.0;0.0127;-0.0022
-8.0;-59.0;0.0128;-0.0022
-8.0;-58.0;0.0129;-0.0024
-8.0;-57.0;0.0129;-0.0027
-8.0;-56.0;0.0130;-0.0027
-8.0;-55.0;0.0130;-0.0027
-8.0;-54.0;0.0129;-0.0029
-8.0;-53.0;0.0129;-0.0029
-8.0;-52.0;0.0128;-0.0031
-8.0;-51.0;0.0129;-0.0032
-8.0;-50.0;0.0130;-0.0032
-8.0;-49.0;0.0127;-0.0034
-8.0;-48.0;0.0125;-0.0037
-8.0;-47.0;0.0126;-0.0037
-8.0;-46.0;0.0125;-0.0031
-8.0;-45.0;0.0124;-0.0029
-8.0;-44.0;0.0123;-0.0033
-8.0;-43.0;0.0126;-0.0029
-8.0;-42.0;0.0126;-0.0029
-8.0;-41.0;0.0130;-0.0028
-8.0;-40.0;0.0132;-0.0033
-8.0;-39.0;0.0133;-0.0034
-8.0;-38.0;0.0133;-0.0035
-8.0;-37.0;0.0128;-0.0042
-8.0;-36.0;0.0135;-0.0043
-8.0;-35.0;0.0134;-0.0044
-9.0;-79.0;0.0104;0.0086
-9.0;-78.0;0.0105;0.0086
-9.0;-77.0;0.0117;0.0073
-9.0;-76.0;0.0116;0.0061
-9.0;-75.0;0.0113;0.0038
-9.0;-74.0;0.0112;0.0028
-9.0;-73.0;0.0114;0.0034
-9.0;-72.0;0.0109;-0.0003
-9.0;-71.0;0.0110;-0.0005
-9.0;-70.0;0.0114;-0.0006
-9.0;-69.0;0.0113;-0.0006
-9.0;-68.0;0.0114;-0.0006
-9.0;-67.0;0.0115;-0.0014
-9.0;-66.0;0.0115;-0.0014
-9.0;-65.0;0.0116;-0.0014
-9.0;-64.0;0.0119;-0.0016
-9.0;-63.0;0.0120;-0.0016
-9.0;-62.0;0.0121;-0.0016
-9.0;-61.0;0.0122;-0.0022
-9.0;-60.0;0.0123;-0.0022
-9.0;-59.0;0.0126;-0.0022
-9.0;-58.0;0.0129;-0.0025
-9.0;-57.0;0.0129;-0.0026
-9.0;-56.0;0.0130;-0.0026
-9.0;-55.0;0.0130;-0.0028
-9.0;-54.0;0.0129;-0.0030
-9.0;-53.0;0.0132;-0.0031
-9.0;-52.0;0.0128;-0.0031
-9.0;-51.0;0.0127;-0.0031
-9.0;-50.0;0.0127;-0.0032
-9.0;-49.0;0.0127;-0.0032
-9.0;-48.0;0.0124;-0.0029
-9.0;-47.0;0.0124;-0.0031
-9.0;-46.0;0.0124;-0.0031
-9.0;-45.0;0.0125;-0.0027
-9.0;-44.0;0.0124;-0.0029
-9.0;-43.0;0.0126;-0.0026
-9.0;-42.0;0.0128;-0.0028
-9.0;-41.0;0.0130;-0.0028
-9.0;-40.0;0.0131;-0.0031
-9.0;-39.0;0.0132;-0.0034
-9.0;-38.0;0.0130;-0.0040
-9.0;-37.0;0.0130;-0.0040
-9.0;-36.0;0.0128;-0.0045
-9.0;-35.0;0.0137;-0.0038
-10.0;-79.0;0.0104;0.0087
-10.0;-78.0;0.0105;0.0087
-10.0;-77.0;0.0121;0.0094
-10.0;-76.0;0.0120;0.0081
-10.0;-75.0;0.0118;0.0065
-10.0;-74.0;0.0117;0.0056
-10.0;-73.0;0.0117;0.0043
-10.0;-72.0;0.0109;0.0000
-10.0;-71.0;0.0112;-0.0004
-10.0;-70.0;0.0114;-0.0005
-10.0;-69.0;0.0113;-0.0005
-10.0;-68.0;0.0115;-0.0005
-10.0;-67.0;0.0116;-0.0009
-10.0;-66.0;0.0115;-0.0013
-10.0;-65.0;0.0116;-0.0013
-10.0;-64.0;0.0119;-0.0015
-10.0;-63.0;0.0120;-0.0015
-10.0;-62.0;0.0120;-0.0019
-10.0;-61.0;0.0122;-0.0021
-10.0;-60.0;0.0123;-0.0021
-10.0;-59.0;0.0126;-0.0022
-10.0;-58.0;0.0127;-0.0024
-10.0;-57.0;0.0128;-0.0024
-10.0;-56.0;0.0132;-0.0028
-10.0;-55.0;0.0131;-0.0029
-10.0;-54.0;0.0129;-0.0030
-10.0;-53.0;0.0132;-0.0030
-10.0;-52.0;0.0129;-0.0028
-10.0;-51.0;0.0127;-0.0031
-10.0;-50.0;0.0127;-0.0031
-10.0;-49.0;0.0127;-0.0032
-10.0;-48.0;0.0126;-0.0025
-10.0;-47.0;0.0125;-0.0029
-10.0;-46.0;0.0129;-0.0024
-10.0;-45.0;0.0130;-0.0020
-10.0;-44.0;0.0130;-0.0021
-10.0;-43.0;0.0127;-0.0023
-10.0;-42.0;0.0128;-0.0028
-10.0;-41.0;0.0128;-0.0029
-10.0;-40.0;0.0129;-0.0029
-10.0;-39.0;0.0128;-0.0038
-10.0;-38.0;0.0129;-0.0040
-10.0;-37.0;0.0128;-0.0040
-10.0;-36.0;0.0129;-0.0043
-11.0;-78.0;0.0132;0.0115
-11.0;-77.0;0.0133;0.0116
-11.0;-76.0;0.0134;0.0115
-11.0;-75.0;0.0134;0.0106
-11.0;-74.0;0.0127;0.0077
-11.0;-73.0;0.0124;0.0058
-11.0;-72.0;0.0110;0.0001
-11.0;-71.0;0.0112;-0.0003
-11.0;-70.0;0.0112;-0.0004
-11.0;-69.0;0.0113;-0.0003
-11.0;-68.0;0.0114;-0.0004
-11.0;-67.0;0.0115;-0.0005
-11.0;-66.0;0.0115;-0.0012
-11.0;-65.0;0.0118;-0.0013
-11.0;-64.0;0.0119;-0.0014
-11.0;-63.0;0.0120;-0.0014
-11.0;-62.0;0.0124;-0.0019
-11.0;-61.0;0.0122;-0.0020
-11.0;-60.0;0.0121;-0.0021
-11.0;-59.0;0.0126;-0.0021
-11.0;-58.0;0.0125;-0.0026
-11.0;-57.0;0.0127;-0.0027
-11.0;-56.0;0.0129;-0.0028
-11.0;-55.0;0.0132;-0.0028
-11.0;-54.0;0.0132;-0.0028
-11.0;-53.0;0.0133;-0.0029
-11.0;-52.0;0.0131;-0.0029
-11.0;-51.0;0.0130;-0.0030
-11.0;-50.0;0.0127;-0.0031
-11.0;-49.0;0.0127;-0.0031
-11.0;-48.0;0.0127;-0.0026
-11.0;-47.0;0.0127;-0.0025
-11.0;-46.0;0.0129;-0.0024
-11.0;-45.0;0.0129;-0.0026
-11.0;-44.0;0.0128;-0.0021
-11.0;-43.0;0.0128;-0.0027
-11.0;-42.0;0.0128;-0.0028
-11.0;-41.0;0.0128;-0.0029
-11.0;-40.0;0.0128;-0.0033
-11.0;-39.0;0.0128;-0.0039
-11.0;-38.0;0.0127;-0.0038
-11.0;-37.0;0.0127;-0.0039
-12.0;-78.0;0.0141;0.0156
-12.0;-77.0;0.0142;0.0157
-12.0;-76.0;0.0144;0.0154
-12.0;-75.0;0.0145;0.0153
-12.0;-74.0;0.0146;0.0151
-12.0;-73.0;0.0134;0.0082
-12.0;-72.0;0.0135;0.0077
-12.0;-71.0;0.0124;0.0037
-12.0;-70.0;0.0119;0.0010
-12.0;-69.0;0.0113;-0.0002
-12.0;-68.0;0.0114;-0.0003
-12.0;-67.0;0.0115;-0.0004
-12.0;-66.0;0.0115;-0.0004
-12.0;-65.0;0.0118;-0.0012
-12.0;-64.0;0.0119;-0.0013
-12.0;-63.0;0.0118;-0.0014
-12.0;-62.0;0.0119;-0.0015
-12.0;-61.0;0.0120;-0.0019
-12.0;-60.0;0.0120;-0.0020
-12.0;-59.0;0.0121;-0.0020
-12.0;-58.0;0.0125;-0.0026
-12.0;-57.0;0.0125;-0.0026
-12.0;-56.0;0.0128;-0.0028
-12.0;-55.0;0.0131;-0.0027
-12.0;-54.0;0.0132;-0.0028
-12.0;-53.0;0.0133;-0.0029
-12.0;-52.0;0.0132;-0.0029
-12.0;-51.0;0.0131;-0.0029
-12.0;-50.0;0.0127;-0.0030
-12.0;-49.0;0.0127;-0.0031
-12.0;-48.0;0.0127;-0.0031
-12.0;-47.0;0.0128;-0.0024
-12.0;-46.0;0.0129;-0.0025
-12.0;-45.0;0.0129;-0.0025
-12.0;-44.0;0.0129;-0.0026
-12.0;-43.0;0.0128;-0.0032
-12.0;-42.0;0.0128;-0.0031
-12.0;-41.0;0.0127;-0.0035
-12.0;-40.0;0.0128;-0.0033
-12.0;-39.0;0.0128;-0.0039
-12.0;-38.0;0.0127;-0.0039
-12.0;-37.0;0.0127;-0.0040
-13.0;-77.0;0.0142;0.0156
-13.0;-76.0;0.0144;0.0154
-13.0;-75.0;0.0145;0.0153
-13.0;-74.0;0.0146;0.0153
-13.0;-73.0;0.0132;0.0082
-13.0;-72.0;0.0131;0.0075
-13.0;-71.0;0.0119;0.0029
-13.0;-70.0;0.0119;0.0019
-13.0;-69.0;0.0118;0.0002
-13.0;-68.0;0.0114;-0.0002
-13.0;-67.0;0.0115;-0.0003
-13.0;-66.0;0.0115;-0.0003
-13.0;-65.0;0.0119;-0.0006
-13.0;-64.0;0.0117;-0.0013
-13.0;-63.0;0.0118;-0.0014
-13.0;-62.0;0.0119;-0.0018
-13.0;-61.0;0.0118;-0.0020
-13.0;-60.0;0.0119;-0.0020
-13.0;-59.0;0.0119;-0.0025
-13.0;-58.0;0.0120;-0.0026
-13.0;-57.0;0.0125;-0.0027
-13.0;-56.0;0.0127;-0.0027
-13.0;-55.0;0.0129;-0.0028
-13.0;-54.0;0.0133;-0.0027
-13.0;-53.0;0.0133;-0.0030
-13.0;-52.0;0.0131;-0.0028
-13.0;-51.0;0.0133;-0.0029
-13.0;-50.0;0.0132;-0.0029
-13.0;-49.0;0.0127;-0.0030
-13.0;-48.0;0.0129;-0.0028
-13.0;-47.0;0.0129;-0.0024
-13.0;-46.0;0.0129;-0.0025
-13.0;-45.0;0.0129;-0.0026
-13.0;-44.0;0.0131;-0.0029
-13.0;-43.0;0.0128;-0.0032
-13.0;-42.0;0.0125;-0.0035
-13.0;-41.0;0.0125;-0.0036
-13.0;-40.0;0.0132;-0.0031
-13.0;-39.0;0.0132;-0.0032
-13.0;-38.0;0.0131;-0.0032
-14.0;-77.0;0.0142;0.0155
-14.0;-76.0;0.0144;0.0153
-14.0;-75.0;0.0145;0.0151
-14.0;-74.0;0.0139;0.0108
-14.0;-73.0;0.0137;0.0100
-14.0;-72.0;0.0139;0.0085
-14.0;-71.0;0.0121;0.0040
-14.0;-70.0;0.0121;0.0032
-14.0;-69.0;0.0122;0.0014
-14.0;-68.0;0.0123;0.0014
-14.0;-67.0;0.0124;0.0013
-14.0;-66.0;0.0120;0.0011
-14.0;-65.0;0.0119;0.0007
-14.0;-64.0;0.0117;-0.0012
-14.0;-63.0;0.0118;-0.0017
-14.0;-62.0;0.0119;-0.0018
-14.0;-61.0;0.0118;-0.0019
-14.0;-60.0;0.0118;-0.0019
-14.0;-59.0;0.0118;-0.0024
-14.0;-58.0;0.0116;-0.0023
-14.0;-57.0;0.0120;-0.0026
-14.0;-56.0;0.0125;-0.0026
-14.0;-55.0;0.0128;-0.0028
-14.0;-54.0;0.0128;-0.0027
-14.0;-53.0;0.0132;-0.0027
-14.0;-52.0;0.0132;-0.0028
-14.0;-51.0;0.0133;-0.0028
-14.0;-50.0;0.0132;-0.0029
-14.0;-49.0;0.0127;-0.0027
-14.0;-48.0;0.0126;-0.0027
-14.0;-47.0;0.0130;-0.0024
-14.0;-46.0;0.0131;-0.0028
-14.0;-45.0;0.0131;-0.0028
-14.0;-44.0;0.0131;-0.0029
-14.0;-43.0;0.0128;-0.0033
-14.0;-42.0;0.0128;-0.0033
-14.0;-41.0;0.0129;-0.0034
-14.0;-40.0;0.0130;-0.0030
-14.0;-39.0;0.0132;-0.0032
-15.0;-76.0;0.0144;0.0153
-15.0;-75.0;0.0138;0.0128
-15.0;-74.0;0.0141;0.0112
-15.0;-73.0;0.0137;0.0101
-15.0;-72.0;0.0136;0.0082
-15.0;-71.0;0.0127;0.0079
-15.0;-70.0;0.0127;0.0064
-15.0;-69.0;0.0122;0.0026
-15.0;-68.0;0.0123;0.0026
-15.0;-67.0;0.0124;0.0024
-15.0;-66.0;0.0125;0.0020
-15.0;-65.0;0.0122;0.0011
-15.0;-64.0;0.0116;-0.0003
-15.0;-63.0;0.0112;-0.0017
-15.0;-62.0;0.0113;-0.0017
-15.0;-61.0;0.0113;-0.0018
-15.0;-60.0;0.0114;-0.0021
-15.0;-59.0;0.0116;-0.0022
-15.0;-58.0;0.0116;-0.0023
-15.0;-57.0;0.0120;-0.0025
-15.0;-56.0;0.0122;-0.0025
-15.0;-55.0;0.0124;-0.0026
-15.0;-54.0;0.0127;-0.0026
-15.0;-53.0;0.0127;-0.0026
-15.0;-52.0;0.0130;-0.0026
-15.0;-51.0;0.0131;-0.0026
-15.0;-50.0;0.0127;-0.0025
-15.0;-49.0;0.0129;-0.0026
-15.0;-48.0;0.0126;-0.0026
-15.0;-47.0;0.0129;-0.0024
-15.0;-46.0;0.0134;-0.0026
-15.0;-45.0;0.0133;-0.0023
-15.0;-44.0;0.0132;-0.0023
-15.0;-43.0;0.0134;-0.0032
-15.0;-42.0;0.0128;-0.0033
-15.0;-41.0;0.0131;-0.0029
-15.0;-40.0;0.0130;-0.0033
-15.0;-39.0;0.0130;-0.0032
-16.0;-75.0;0.0135;0.0104
-16.0;-74.0;0.0136;0.0103
-16.0;-73.0;0.0136;0.0085
-16.0;-72.0;0.0125;0.0116
-16.0;-71.0;0.0126;0.0116
-16.0;-70.0;0.0122;0.0073
-16.0;-69.0;0.0117;0.0034
-16.0;-68.0;0.0123;0.0027
-16.0;-67.0;0.0125;0.0021
-16.0;-66.0;0.0125;0.0021
-16.0;-65.0;0.0116;0.0018
-16.0;-64.0;0.0117;0.0016
-16.0;-63.0;0.0116;-0.0003
-16.0;-62.0;0.0113;-0.0016
-16.0;-61.0;0.0113;-0.0017
-16.0;-60.0;0.0114;-0.0019
-16.0;-59.0;0.0116;-0.0021
-16.0;-58.0;0.0116;-0.0022
-16.0;-57.0;0.0120;-0.0024
-16.0;-56.0;0.0124;-0.0025
-16.0;-55.0;0.0127;-0.0026
-16.0;-54.0;0.0122;-0.0025
-16.0;-53.0;0.0130;-0.0025
-16.0;-52.0;0.0129;-0.0026
-16.0;-51.0;0.0126;-0.0025
-16.0;-50.0;0.0127;-0.0025
-16.0;-49.0;0.0126;-0.0026
-16.0;-48.0;0.0126;-0.0027
-16.0;-47.0;0.0130;-0.0027
-16.0;-46.0;0.0133;-0.0026
-16.0;-45.0;0.0134;-0.0024
-16.0;-44.0;0.0135;-0.0026
-16.0;-43.0;0.0136;-0.0026
-16.0;-42.0;0.0133;-0.0029
-16.0;-41.0;0.0130;-0.0030
-16.0;-40.0;0.0130;-0.0031
-16.0;-39.0;0.0130;-0.0032
-17.0;-73.0;0.0123;0.0123
-17.0;-72.0;0.0125;0.0118
-17.0;-71.0;0.0120;0.0098
-17.0;-70.0;0.0109;0.0079
-17.0;-69.0;0.0105;0.0038
-17.0;-68.0;0.0119;0.0031
-17.0;-67.0;0.0122;0.0028
-17.0;-66.0;0.0125;0.0030
-17.0;-65.0;0.0116;0.0020
-17.0;-64.0;0.0117;0.0015
-17.0;-63.0;0.0116;-0.0002
-17.0;-62.0;0.0117;-0.0008
-17.0;-61.0;0.0113;-0.0016
-17.0;-60.0;0.0114;-0.0018
-17.0;-59.0;0.0115;-0.0018
-17.0;-58.0;0.0116;-0.0021
-17.0;-57.0;0.0123;-0.0020
-17.0;-56.0;0.0125;-0.0021
-17.0;-55.0;0.0127;-0.0021
-17.0;-54.0;0.0122;-0.0025
-17.0;-53.0;0.0124;-0.0024
-17.0;-52.0;0.0125;-0.0024
-17.0;-51.0;0.0126;-0.0025
-17.0;-50.0;0.0126;-0.0025
-17.0;-49.0;0.0126;-0.0026
-17.0;-48.0;0.0126;-0.0027
-17.0;-47.0;0.0128;-0.0027
-17.0;-46.0;0.0133;-0.0026
-17.0;-45.0;0.0136;-0.0025
-17.0;-44.0;0.0138;-0.0027
-17.0;-43.0;0.0139;-0.0029
-17.0;-42.0;0.0137;-0.0031
-17.0;-41.0;0.0129;-0.0034
-17.0;-40.0;0.0130;-0.0031
-17.0;-39.0;0.0130;-0.0032
-18.0;-72.0;0.0117;0.0108
-18.0;-71.0;0.0109;0.0092
-18.0;-70.0;0.0084;0.0049
-18.0;-69.0;0.0094;0.0030
-18.0;-68.0;0.0115;0.0021
-18.0;-67.0;0.0118;0.0027
-18.0;-66.0;0.0127;0.0029
-18.0;-65.0;0.0125;0.0024
-18.0;-64.0;0.0126;0.0024
-18.0;-63.0;0.0127;0.0023
-18.0;-62.0;0.0117;-0.0002
-18.0;-61.0;0.0118;-0.0007
-18.0;-60.0;0.0113;-0.0017
-18.0;-59.0;0.0114;-0.0018
-18.0;-58.0;0.0123;-0.0018
-18.0;-57.0;0.0125;-0.0019
-18.0;-56.0;0.0128;-0.0020
-18.0;-55.0;0.0128;-0.0020
-18.0;-54.0;0.0131;-0.0020
-18.0;-53.0;0.0130;-0.0021
-18.0;-52.0;0.0126;-0.0023
-18.0;-51.0;0.0126;-0.0023
-18.0;-50.0;0.0125;-0.0027
-18.0;-49.0;0.0125;-0.0028
-18.0;-48.0;0.0125;-0.0028
-18.0;-47.0;0.0128;-0.0029
-18.0;-46.0;0.0131;-0.0029
-18.0;-45.0;0.0135;-0.0028
-18.0;-44.0;0.0135;-0.0036
-18.0;-43.0;0.0136;-0.0031
-18.0;-42.0;0.0134;-0.0033
-18.0;-41.0;0.0132;-0.0035
-18.0;-40.0;0.0131;-0.0036
-18.0;-39.0;0.0132;-0.0037
-19.0;-71.0;0.0099;0.0080
-19.0;-70.0;0.0093;0.0018
-19.0;-69.0;0.0100;0.0017
-19.0;-68.0;0.0125;0.0014
-19.0;-67.0;0.0140;0.0024
-19.0;-66.0;0.0136;0.0037
-19.0;-65.0;0.0125;0.0025
-19.0;-64.0;0.0126;0.0025
-19.0;-63.0;0.0120;0.0005
-19.0;-62.0;0.0122;0.0006
-19.0;-61.0;0.0116;-0.0011
-19.0;-60.0;0.0117;-0.0011
-19.0;-59.0;0.0121;-0.0016
-19.0;-58.0;0.0122;-0.0017
-19.0;-57.0;0.0125;-0.0016
-19.0;-56.0;0.0126;-0.0017
-19.0;-55.0;0.0128;-0.0018
-19.0;-54.0;0.0132;-0.0018
-19.0;-53.0;0.0132;-0.0019
-19.0;-52.0;0.0123;-0.0021
-19.0;-51.0;0.0127;-0.0023
-19.0;-50.0;0.0127;-0.0024
-19.0;-49.0;0.0127;-0.0027
-19.0;-48.0;0.0127;-0.0029
-19.0;-47.0;0.0128;-0.0028
-19.0;-46.0;0.0131;-0.0031
-19.0;-45.0;0.0134;-0.0033
-19.0;-44.0;0.0129;-0.0033
-19.0;-43.0;0.0127;-0.0035
-19.0;-42.0;0.0129;-0.0034
-19.0;-41.0;0.0133;-0.0034
-19.0;-40.0;0.0132;-0.0035
-19.0;-39.0;0.0132;-0.0036
-20.0;-71.0;0.0116;0.0128
-20.0;-70.0;0.0123;0.0014
-20.0;-69.0;0.0147;0.0019
-20.0;-68.0;0.0170;0.0049
-20.0;-67.0;0.0162;0.0041
-20.0;-66.0;0.0159;0.0044
-20.0;-65.0;0.0144;0.0044
-20.0;-64.0;0.0135;0.0027
-20.0;-63.0;0.0134;0.0039
-20.0;-62.0;0.0131;0.0021
-20.0;-61.0;0.0117;-0.0019
-20.0;-60.0;0.0118;-0.0019
-20.0;-59.0;0.0124;-0.0011
-20.0;-58.0;0.0124;-0.0015
-20.0;-57.0;0.0120;-0.0016
-20.0;-56.0;0.0122;-0.0014
-20.0;-55.0;0.0122;-0.0015
-20.0;-54.0;0.0129;-0.0016
-20.0;-53.0;0.0131;-0.0015
-20.0;-52.0;0.0123;-0.0018
-20.0;-51.0;0.0126;-0.0020
-20.0;-50.0;0.0128;-0.0023
-20.0;-49.0;0.0126;-0.0026
-20.0;-48.0;0.0126;-0.0027
-20.0;-47.0;0.0127;-0.0027
-20.0;-46.0;0.0133;-0.0035
-20.0;-45.0;0.0133;-0.0036
-20.0;-44.0;0.0129;-0.0034
-20.0;-43.0;0.0127;-0.0034
-20.0;-42.0;0.0129;-0.0030
-20.0;-41.0;0.0133;-0.0033
-20.0;-40.0;0.0133;-0.0034
-21.0;-71.0;0.0142;0.0201
-21.0;-70.0;0.0150;0.0213
-21.0;-69.0;0.0159;0.0114
-21.0;-68.0;0.0179;0.0105
-21.0;-67.0;0.0181;0.0076
-21.0;-66.0;0.0164;0.0086
-21.0;-65.0;0.0140;0.0058
-21.0;-64.0;0.0137;0.0057
-21.0;-63.0;0.0121;0.0032
-21.0;-62.0;0.0117;-0.0017
-21.0;-61.0;0.0117;-0.0018
-21.0;-60.0;0.0118;-0.0019
-21.0;-59.0;0.0125;-0.0022
-21.0;-58.0;0.0125;-0.0022
-21.0;-57.0;0.0121;-0.0013
-21.0;-56.0;0.0122;-0.0014
-21.0;-55.0;0.0122;-0.0015
-21.0;-54.0;0.0122;-0.0015
-21.0;-53.0;0.0124;-0.0015
-21.0;-52.0;0.0122;-0.0020
-21.0;-51.0;0.0127;-0.0022
-21.0;-50.0;0.0126;-0.0023
-21.0;-49.0;0.0127;-0.0025
-21.0;-48.0;0.0127;-0.0025
-21.0;-47.0;0.0130;-0.0027
-21.0;-46.0;0.0135;-0.0028
-21.0;-45.0;0.0132;-0.0036
-21.0;-44.0;0.0128;-0.0034
-21.0;-43.0;0.0126;-0.0034
-21.0;-42.0;0.0128;-0.0030
-21.0;-41.0;0.0128;-0.0031
-21.0;-40.0;0.0129;-0.0033
-22.0;-71.0;0.0169;0.0314
-22.0;-70.0;0.0151;0.0245
-22.0;-69.0;0.0170;0.0204
-22.0;-68.0;0.0179;0.0126
-22.0;-67.0;0.0173;0.0129
-22.0;-66.0;0.0163;0.0109
-22.0;-65.0;0.0142;0.0068
-22.0;-64.0;0.0130;0.0045
-22.0;-63.0;0.0123;0.0021
-22.0;-62.0;0.0124;0.0020
-22.0;-61.0;0.0124;0.0019
-22.0;-60.0;0.0118;-0.0019
-22.0;-59.0;0.0125;-0.0017
-22.0;-58.0;0.0125;-0.0022
-22.0;-57.0;0.0121;-0.0012
-22.0;-56.0;0.0122;-0.0013
-22.0;-55.0;0.0122;-0.0014
-22.0;-54.0;0.0122;-0.0015
-22.0;-53.0;0.0124;-0.0018
-22.0;-52.0;0.0125;-0.0019
-22.0;-51.0;0.0129;-0.0020
-22.0;-50.0;0.0125;-0.0020
-22.0;-49.0;0.0126;-0.0022
-22.0;-48.0;0.0127;-0.0023
-22.0;-47.0;0.0131;-0.0027
-22.0;-46.0;0.0134;-0.0029
-22.0;-45.0;0.0136;-0.0029
-22.0;-44.0;0.0129;-0.0027
-22.0;-43.0;0.0128;-0.0027
-22.0;-42.0;0.0128;-0.0028
-22.0;-41.0;0.0128;-0.0031
-23.0;-71.0;0.0174;0.0319
-23.0;-70.0;0.0172;0.0290
-23.0;-69.0;0.0172;0.0252
-23.0;-68.0;0.0172;0.0166
-23.0;-67.0;0.0166;0.0147
-23.0;-66.0;0.0149;0.0124
-23.0;-65.0;0.0127;0.0049
-23.0;-64.0;0.0128;0.0048
-23.0;-63.0;0.0123;0.0022
-23.0;-62.0;0.0124;0.0021
-23.0;-61.0;0.0124;0.0007
-23.0;-60.0;0.0122;-0.0018
-23.0;-59.0;0.0121;-0.0017
-23.0;-58.0;0.0125;-0.0022
-23.0;-57.0;0.0130;-0.0012
-23.0;-56.0;0.0122;-0.0012
-23.0;-55.0;0.0130;-0.0014
-23.0;-54.0;0.0122;-0.0016
-23.0;-53.0;0.0127;-0.0019
-23.0;-52.0;0.0125;-0.0019
-23.0;-51.0;0.0129;-0.0019
-23.0;-50.0;0.0124;-0.0015
-23.0;-49.0;0.0126;-0.0020
-23.0;-48.0;0.0127;-0.0021
-23.0;-47.0;0.0131;-0.0026
-23.0;-46.0;0.0135;-0.0029
-23.0;-45.0;0.0136;-0.0029
-23.0;-44.0;0.0134;-0.0029
-23.0;-43.0;0.0130;-0.0028
-23.0;-42.0;0.0131;-0.0029
-24.0;-71.0;0.0181;0.0324
-24.0;-70.0;0.0177;0.0275
-24.0;-69.0;0.0177;0.0242
-24.0;-68.0;0.0167;0.0185
-24.0;-67.0;0.0150;0.0113
-24.0;-66.0;0.0141;0.0104
-24.0;-65.0;0.0127;0.0050
-24.0;-64.0;0.0128;0.0049
-24.0;-63.0;0.0124;-0.0000
-24.0;-62.0;0.0125;-0.0009
-24.0;-61.0;0.0124;-0.0005
-24.0;-60.0;0.0122;-0.0017
-24.0;-59.0;0.0120;-0.0021
-24.0;-58.0;0.0120;-0.0022
-24.0;-57.0;0.0127;-0.0014
-24.0;-56.0;0.0127;-0.0014
-24.0;-55.0;0.0127;-0.0015
-24.0;-54.0;0.0136;-0.0016
-24.0;-53.0;0.0137;-0.0017
-24.0;-52.0;0.0136;-0.0019
-24.0;-51.0;0.0134;-0.0017
-24.0;-50.0;0.0132;-0.0017
-24.0;-49.0;0.0128;-0.0018
-24.0;-48.0;0.0131;-0.0024
-24.0;-47.0;0.0134;-0.0027
-24.0;-46.0;0.0136;-0.0029
-25.0;-71.0;0.0182;0.0289
-25.0;-70.0;0.0184;0.0288
-25.0;-69.0;0.0175;0.0218
-25.0;-68.0;0.0160;0.0161
-25.0;-67.0;0.0155;0.0133
-25.0;-66.0;0.0129;0.0078
-25.0;-65.0;0.0127;0.0063
-25.0;-64.0;0.0123;0.0016
-25.0;-63.0;0.0124;0.0010
-25.0;-62.0;0.0116;-0.0002
-25.0;-61.0;0.0118;-0.0004
-25.0;-60.0;0.0123;-0.0016
-25.0;-59.0;0.0126;-0.0023
-25.0;-58.0;0.0126;-0.0022
-25.0;-57.0;0.0121;-0.0013
-25.0;-56.0;0.0132;-0.0015
-25.0;-55.0;0.0132;-0.0016
-25.0;-54.0;0.0130;-0.0017
-25.0;-53.0;0.0146;-0.0018
-25.0;-52.0;0.0146;-0.0019
-25.0;-51.0;0.0140;-0.0021
-25.0;-50.0;0.0134;-0.0023
-25.0;-49.0;0.0134;-0.0024
-25.0;-48.0;0.0133;-0.0025
-25.0;-47.0;0.0135;-0.0028
-26.0;-71.0;0.0187;0.0262
-26.0;-70.0;0.0189;0.0261
-26.0;-69.0;0.0149;0.0144
-26.0;-68.0;0.0148;0.0132
-26.0;-67.0;0.0127;0.0075
-26.0;-66.0;0.0115;0.0029
-26.0;-65.0;0.0123;0.0037
-26.0;-64.0;0.0112;0.0011
-26.0;-63.0;0.0107;-0.0015
-26.0;-62.0;0.0112;-0.0014
-26.0;-61.0;0.0110;-0.0027
-26.0;-60.0;0.0123;-0.0021
-26.0;-59.0;0.0126;-0.0020
-26.0;-58.0;0.0130;-0.0011
-26.0;-57.0;0.0121;-0.0012
-26.0;-56.0;0.0133;-0.0013
-26.0;-55.0;0.0132;-0.0015
-26.0;-54.0;0.0130;-0.0011
-26.0;-53.0;0.0131;-0.0014
-26.0;-52.0;0.0140;-0.0013
-26.0;-51.0;0.0134;-0.0016
-26.0;-50.0;0.0134;-0.0021
-26.0;-49.0;0.0133;-0.0023
-26.0;-48.0;0.0133;-0.0024
-27.0;-71.0;0.0180;0.0225
-27.0;-70.0;0.0182;0.0224
-27.0;-69.0;0.0149;0.0144
-27.0;-68.0;0.0149;0.0143
-27.0;-67.0;0.0109;0.0025
-27.0;-66.0;0.0101;0.0005
-27.0;-65.0;0.0106;0.0011
-27.0;-64.0;0.0106;0.0006
-27.0;-63.0;0.0108;0.0008
-27.0;-62.0;0.0112;-0.0014
-27.0;-61.0;0.0110;-0.0027
-27.0;-60.0;0.0124;-0.0017
-27.0;-59.0;0.0128;-0.0009
-27.0;-58.0;0.0130;-0.0010
-27.0;-57.0;0.0125;-0.0011
-27.0;-56.0;0.0124;-0.0012
-27.0;-55.0;0.0124;-0.0014
-27.0;-54.0;0.0125;-0.0012
-27.0;-53.0;0.0122;-0.0012
-27.0;-52.0;0.0131;-0.0013
-27.0;-51.0;0.0132;-0.0014
-27.0;-50.0;0.0136;-0.0021
-27.0;-49.0;0.0136;-0.0022
-27.0;-48.0;0.0136;-0.0024
-28.0;-72.0;0.0178;0.0226
-28.0;-71.0;0.0180;0.0228
-28.0;-70.0;0.0171;0.0199
-28.0;-69.0;0.0160;0.0167
-28.0;-68.0;0.0120;0.0060
-28.0;-67.0;0.0101;0.0010
-28.0;-66.0;0.0101;0.0006
-28.0;-65.0;0.0102;0.0004
-28.0;-64.0;0.0099;-0.0008
-28.0;-63.0;0.0108;0.0008
-28.0;-62.0;0.0111;-0.0005
-28.0;-61.0;0.0113;-0.0018
-28.0;-60.0;0.0122;-0.0017
-28.0;-59.0;0.0129;-0.0009
-28.0;-58.0;0.0130;-0.0010
-28.0;-57.0;0.0132;-0.0011
-28.0;-56.0;0.0124;-0.0012
-28.0;-55.0;0.0124;-0.0013
-28.0;-54.0;0.0127;-0.0012
-28.0;-53.0;0.0122;-0.0011
-28.0;-52.0;0.0132;-0.0011
-28.0;-51.0;0.0136;-0.0014
-28.0;-50.0;0.0137;-0.0020
-28.0;-49.0;0.0135;-0.0021
-28.0;-48.0;0.0136;-0.0023
-29.0;-72.0;0.0185;0.0157
-29.0;-71.0;0.0185;0.0194
-29.0;-70.0;0.0179;0.0090
-29.0;-69.0;0.0177;0.0137
-29.0;-68.0;0.0124;0.0074
-29.0;-67.0;0.0101;0.0011
-29.0;-66.0;0.0101;0.0010
-29.0;-65.0;0.0098;-0.0004
-29.0;-64.0;0.0099;-0.0005
-29.0;-63.0;0.0108;-0.0011
-29.0;-62.0;0.0113;-0.0018
-29.0;-61.0;0.0126;-0.0012
-29.0;-60.0;0.0127;-0.0013
-29.0;-59.0;0.0127;-0.0010
-29.0;-58.0;0.0131;-0.0012
-29.0;-57.0;0.0136;-0.0015
-29.0;-56.0;0.0137;-0.0016
-29.0;-55.0;0.0136;-0.0018
-29.0;-54.0;0.0136;-0.0019
-29.0;-53.0;0.0134;-0.0011
-29.0;-52.0;0.0133;-0.0012
-29.0;-51.0;0.0136;-0.0013
-29.0;-50.0;0.0138;-0.0018
-29.0;-49.0;0.0137;-0.0021
-30.0;-72.0;0.0189;0.0161
-30.0;-71.0;0.0175;0.0023
-30.0;-70.0;0.0177;0.0021
-30.0;-69.0;0.0178;0.0020
-30.0;-68.0;0.0158;0.0012
-30.0;-67.0;0.0124;-0.0020
-30.0;-66.0;0.0108;-0.0013
-30.0;-65.0;0.0109;-0.0015
-30.0;-64.0;0.0110;-0.0016
-30.0;-63.0;0.0107;-0.0024
-30.0;-62.0;0.0122;-0.0020
-30.0;-61.0;0.0126;-0.0013
-30.0;-60.0;0.0127;-0.0014
-30.0;-59.0;0.0128;-0.0015
-30.0;-58.0;0.0132;-0.0015
-30.0;-57.0;0.0138;-0.0021
-30.0;-56.0;0.0139;-0.0023
-30.0;-55.0;0.0140;-0.0025
-30.0;-54.0;0.0137;-0.0021
-30.0;-53.0;0.0132;-0.0018
-30.0;-52.0;0.0132;-0.0019
-30.0;-51.0;0.0133;-0.0018
-30.0;-50.0;0.0138;-0.0017
-31.0;-72.0;0.0191;0.0214
-31.0;-71.0;0.0181;0.0098
-31.0;-70.0;0.0165;-0.0012
-31.0;-69.0;0.0165;-0.0076
-31.0;-68.0;0.0166;-0.0077
-31.0;-67.0;0.0148;-0.0063
-31.0;-66.0;0.0118;-0.0029
-31.0;-65.0;0.0113;-0.0025
-31.0;-64.0;0.0116;-0.0026
-31.0;-63.0;0.0121;-0.0018
-31.0;-62.0;0.0121;-0.0019
-31.0;-61.0;0.0123;-0.0017
-31.0;-60.0;0.0124;-0.0019
-31.0;-59.0;0.0126;-0.0020
-31.0;-58.0;0.0127;-0.0014
-31.0;-57.0;0.0134;-0.0022
-31.0;-56.0;0.0139;-0.0023
-31.0;-55.0;0.0137;-0.0022
-31.0;-54.0;0.0133;-0.0023
-31.0;-53.0;0.0132;-0.0023
-31.0;-52.0;0.0132;-0.0018
-31.0;-51.0;0.0133;-0.0019
-31.0;-50.0;0.0136;-0.0022
-32.0;-72.0;0.0193;0.0158
-32.0;-71.0;0.0189;0.0101
-32.0;-70.0;0.0179;0.0038
-32.0;-69.0;0.0151;-0.0037
-32.0;-68.0;0.0157;-0.0057
-32.0;-67.0;0.0139;-0.0061
-32.0;-66.0;0.0118;-0.0028
-32.0;-65.0;0.0119;-0.0029
-32.0;-64.0;0.0120;-0.0030
-32.0;-63.0;0.0121;-0.0017
-32.0;-62.0;0.0121;-0.0013
-32.0;-61.0;0.0123;-0.0016
-32.0;-60.0;0.0124;-0.0018
-32.0;-59.0;0.0126;-0.0019
-32.0;-58.0;0.0127;-0.0015
-32.0;-57.0;0.0129;-0.0017
-32.0;-56.0;0.0132;-0.0019
-32.0;-55.0;0.0133;-0.0018
-32.0;-54.0;0.0133;-0.0024
-32.0;-53.0;0.0132;-0.0024
-32.0;-52.0;0.0132;-0.0023
-32.0;-51.0;0.0133;-0.0023
-33.0;-72.0;0.0220;0.0117
-33.0;-71.0;0.0198;0.0079
-33.0;-70.0;0.0160;0.0005
-33.0;-69.0;0.0153;-0.0024
-33.0;-68.0;0.0136;-0.0070
-33.0;-67.0;0.0139;-0.0043
-33.0;-66.0;0.0123;-0.0037
-33.0;-65.0;0.0119;-0.0028
-33.0;-64.0;0.0120;-0.0030
-33.0;-63.0;0.0118;-0.0015
-33.0;-62.0;0.0121;-0.0017
-33.0;-61.0;0.0123;-0.0015
-33.0;-60.0;0.0125;-0.0017
-33.0;-59.0;0.0126;-0.0018
-33.0;-58.0;0.0127;-0.0018
-33.0;-57.0;0.0127;-0.0013
-33.0;-56.0;0.0130;-0.0013
-33.0;-55.0;0.0131;-0.0013
-33.0;-54.0;0.0131;-0.0018
-33.0;-53.0;0.0132;-0.0023
-33.0;-52.0;0.0132;-0.0024
-34.0;-72.0;0.0230;0.0063
-34.0;-71.0;0.0196;0.0011
-34.0;-70.0;0.0159;-0.0022
-34.0;-69.0;0.0133;-0.0055
-34.0;-68.0;0.0126;-0.0075
-34.0;-67.0;0.0122;-0.0070
-34.0;-66.0;0.0122;-0.0059
-34.0;-65.0;0.0119;-0.0060
-34.0;-64.0;0.0128;-0.0039
-34.0;-63.0;0.0127;-0.0036
-34.0;-62.0;0.0128;-0.0026
-34.0;-61.0;0.0127;-0.0023
-34.0;-60.0;0.0127;-0.0017
-34.0;-59.0;0.0128;-0.0019
-34.0;-58.0;0.0130;-0.0020
-34.0;-57.0;0.0130;-0.0016
-34.0;-56.0;0.0131;-0.0012
-34.0;-55.0;0.0132;-0.0016
-34.0;-54.0;0.0133;-0.0017
-34.0;-53.0;0.0135;-0.0020
-35.0;-73.0;0.0214;-0.0051
-35.0;-72.0;0.0216;-0.0047
-35.0;-71.0;0.0204;-0.0051
-35.0;-70.0;0.0179;-0.0101
-35.0;-69.0;0.0137;-0.0137
-35.0;-68.0;0.0120;-0.0074
-35.0;-67.0;0.0116;-0.0090
-35.0;-66.0;0.0117;-0.0086
-35.0;-65.0;0.0124;-0.0070
-35.0;-64.0;0.0134;-0.0054
-35.0;-63.0;0.0132;-0.0043
-35.0;-62.0;0.0135;-0.0039
-35.0;-61.0;0.0133;-0.0027
-35.0;-60.0;0.0136;-0.0028
-35.0;-59.0;0.0134;-0.0021
-35.0;-58.0;0.0131;-0.0018
-35.0;-57.0;0.0133;-0.0020
-35.0;-56.0;0.0133;-0.0017
-35.0;-55.0;0.0132;-0.0014
-35.0;-54.0;0.0135;-0.0018
-36.0;-73.0;0.0200;-0.0036
-36.0;-72.0;0.0187;-0.0073
-36.0;-71.0;0.0187;-0.0136
-36.0;-70.0;0.0190;-0.0191
-36.0;-69.0;0.0147;-0.0147
-36.0;-68.0;0.0135;-0.0150
-36.0;-67.0;0.0124;-0.0121
-36.0;-66.0;0.0130;-0.0071
-36.0;-65.0;0.0133;-0.0063
-36.0;-64.0;0.0140;-0.0056
-36.0;-63.0;0.0138;-0.0043
-36.0;-62.0;0.0140;-0.0042
-36.0;-61.0;0.0137;-0.0033
-36.0;-60.0;0.0138;-0.0033
-36.0;-59.0;0.0135;-0.0022
-36.0;-58.0;0.0137;-0.0023
-36.0;-57.0;0.0133;-0.0020
-36.0;-56.0;0.0135;-0.0019
-37.0;-74.0;0.0179;-0.0004
-37.0;-73.0;0.0181;-0.0017
-37.0;-72.0;0.0176;-0.0102
-37.0;-71.0;0.0183;-0.0077
-37.0;-70.0;0.0184;-0.0199
-37.0;-69.0;0.0189;-0.0212
-37.0;-68.0;0.0178;-0.0139
-37.0;-67.0;0.0142;-0.0072
-37.0;-66.0;0.0140;-0.0068
-37.0;-65.0;0.0140;-0.0047
-37.0;-64.0;0.0140;-0.0055
-37.0;-63.0;0.0140;-0.0045
-37.0;-62.0;0.0142;-0.0034
-37.0;-61.0;0.0142;-0.0035
-37.0;-60.0;0.0142;-0.0029
-37.0;-59.0;0.0143;-0.0023
-37.0;-58.0;0.0143;-0.0023
-37.0;-57.0;0.0141;-0.0024
-37.0;-56.0;0.0141;-0.0022
-38.0;-74.0;0.0174;0.0017
-38.0;-73.0;0.0175;-0.0050
-38.0;-72.0;0.0178;-0.0057
-38.0;-71.0;0.0178;-0.0106
-38.0;-70.0;0.0190;-0.0153
-38.0;-69.0;0.0194;-0.0144
-38.0;-68.0;0.0177;-0.0101
-38.0;-67.0;0.0163;-0.0085
-38.0;-66.0;0.0148;-0.0059
-38.0;-65.0;0.0144;-0.0051
-38.0;-64.0;0.0142;-0.0050
-38.0;-63.0;0.0143;-0.0051
-38.0;-62.0;0.0141;-0.0039
-38.0;-61.0;0.0143;-0.0027
-38.0;-60.0;0.0143;-0.0025
-38.0;-59.0;0.0143;-0.0021
-38.0;-58.0;0.0142;-0.0022
-38.0;-57.0;0.0143;-0.0024
-39.0;-74.0;0.0171;0.0072
-39.0;-73.0;0.0168;0.0037
-39.0;-72.0;0.0176;-0.0030
-39.0;-71.0;0.0186;-0.0069
-39.0;-70.0;0.0194;-0.0072
-39.0;-69.0;0.0188;-0.0108
-39.0;-68.0;0.0168;-0.0084
-39.0;-67.0;0.0154;-0.0053
-39.0;-66.0;0.0154;-0.0052
-39.0;-65.0;0.0147;-0.0042
-39.0;-64.0;0.0148;-0.0044
-39.0;-63.0;0.0149;-0.0044
-39.0;-62.0;0.0147;-0.0031
-39.0;-61.0;0.0143;-0.0027
-39.0;-60.0;0.0143;-0.0023
-39.0;-59.0;0.0143;-0.0021
-39.0;-58.0;0.0143;-0.0022
-40.0;-74.0;0.0163;0.0145
-40.0;-73.0;0.0174;0.0103
-40.0;-72.0;0.0169;0.0077
-40.0;-71.0;0.0175;0.0049
-40.0;-70.0;0.0185;-0.0036
-40.0;-69.0;0.0186;-0.0037
-40.0;-68.0;0.0153;-0.0051
-40.0;-67.0;0.0154;-0.0052
-40.0;-66.0;0.0154;-0.0052
-40.0;-65.0;0.0152;-0.0045
-40.0;-64.0;0.0148;-0.0043
-40.0;-63.0;0.0149;-0.0044
-40.0;-62.0;0.0150;-0.0044
-41.0;-74.0;0.0155;0.0157
-41.0;-73.0;0.0152;0.0144
-41.0;-72.0;0.0167;0.0125
-41.0;-71.0;0.0165;0.0089
-41.0;-70.0;0.0161;0.0037
-41.0;-69.0;0.0147;0.0002
-41.0;-68.0;0.0136;-0.0027
-41.0;-67.0;0.0137;-0.0036
-41.0;-66.0;0.0137;-0.0037
-41.0;-65.0;0.0142;-0.0040
-41.0;-64.0;0.0135;-0.0028
-41.0;-63.0;0.0134;-0.0029
-41.0;-62.0;0.0133;-0.0030
-42.0;-75.0;0.0150;0.0156
-42.0;-74.0;0.0144;0.0113
-42.0;-73.0;0.0136;0.0082
-42.0;-72.0;0.0137;0.0080
-42.0;-71.0;0.0138;0.0079
-42.0;-70.0;0.0132;0.0031
-42.0;-69.0;0.0131;0.0004
-42.0;-68.0;0.0133;0.0001
-42.0;-67.0;0.0135;-0.0031
-42.0;-66.0;0.0133;-0.0031
-42.0;-65.0;0.0133;-0.0031
-42.0;-64.0;0.0128;-0.0026
-42.0;-63.0;0.0130;-0.0027
-43.0;-75.0;0.0130;0.0070
-43.0;-74.0;0.0127;0.0037
-43.0;-73.0;0.0128;0.0036
-43.0;-72.0;0.0129;0.0035
-43.0;-71.0;0.0130;0.0033
-43.0;-70.0;0.0132;0.0032
-43.0;-69.0;0.0123;0.0022
-43.0;-68.0;0.0115;0.0000
-43.0;-67.0;0.0125;-0.0014
-43.0;-66.0;0.0122;-0.0009
-43.0;-65.0;0.0111;-0.0010
-43.0;-64.0;0.0120;-0.0023
-44.0;-75.0;0.0119;0.0023
-44.0;-74.0;0.0120;0.0022
-44.0;-73.0;0.0121;0.0020
-44.0;-72.0;0.0122;0.0019
-44.0;-71.0;0.0123;0.0017
-44.0;-70.0;0.0125;0.0016
-44.0;-69.0;0.0126;0.0015
-44.0;-68.0;0.0116;0.0001
-44.0;-67.0;0.0113;-0.0002
-44.0;-66.0;0.0124;-0.0008
-44.0;-65.0;0.0123;-0.0004
-45.0;-75.0;0.0119;0.0024
-45.0;-74.0;0.0120;0.0023
-45.0;-73.0;0.0121;0.0021
-45.0;-72.0;0.0122;0.0021
-45.0;-71.0;0.0123;0.0019
-45.0;-70.0;0.0125;0.0017
-45.0;-69.0;0.0126;0.0016
-45.0;-68.0;0.0113;0.0010
-45.0;-67.0;0.0112;0.0007
-45.0;-66.0;0.0111;0.0004
-45.0;-65.0;0.0128;0.0002
-46.0;-74.0;0.0121;0.0032
-46.0;-73.0;0.0121;0.0031
-46.0;-72.0;0.0122;0.0029
-46.0;-71.0;0.0123;0.0028
-46.0;-70.0;0.0126;0.0026
-46.0;-69.0;0.0127;0.0025
-46.0;-68.0;0.0128;0.0023
-46.0;-67.0;0.0116;0.0014
-46.0;-66.0;0.0115;0.0011
-47.0;-75.0;0.0120;0.0035
-47.0;-74.0;0.0121;0.0033
-47.0;-73.0;0.0122;0.0032
-47.0;-72.0;0.0127;0.0032
-47.0;-71.0;0.0129;0.0031
-47.0;-70.0;0.0133;0.0033
-47.0;-69.0;0.0134;0.0032
-47.0;-68.0;0.0135;0.0030
-47.0;-67.0;0.0136;0.0029
-47.0;-66.0;0.0126;0.0016
-47.0;-65.0;0.0126;0.0014
-48.0;-75.0;0.0127;0.0042
-48.0;-74.0;0.0128;0.0041
-48.0;-73.0;0.0129;0.0039
-48.0;-72.0;0.0130;0.0038
-48.0;-71.0;0.0131;0.0036
-48.0;-70.0;0.0133;0.0035
-48.0;-69.0;0.0134;0.0033
-48.0;-68.0;0.0142;0.0034
-48.0;-67.0;0.0143;0.0032
-48.0;-66.0;0.0150;0.0032
-48.0;-65.0;0.0151;0.0031
-49.0;-75.0;0.0127;0.0043
-49.0;-74.0;0.0128;0.0042
-49.0;-73.0;0.0136;0.0042
-49.0;-72.0;0.0138;0.0041
-49.0;-71.0;0.0145;0.0041
-49.0;-70.0;0.0147;0.0040
-49.0;-69.0;0.0148;0.0038
-49.0;-68.0;0.0149;0.0037
-49.0;-67.0;0.0150;0.0035
-50.0;-75.0;0.0140;0.0052
-50.0;-74.0;0.0142;0.0047
-50.0;-73.0;0.0143;0.0045
-50.0;-72.0;0.0144;0.0044
-50.0;-71.0;0.0145;0.0042
-50.0;-70.0;0.0147;0.0041
-50.0;-69.0;0.0148;0.0039
-50.0;-68.0;0.0149;0.0038
-51.0;-75.0;0.0145;0.0056
-51.0;-74.0;0.0146;0.0054
-51.0;-73.0;0.0147;0.0053
-51.0;-72.0;0.0148;0.0051
-51.0;-71.0;0.0149;0.0049
-51.0;-70.0;0.0151;0.0048
-51.0;-69.0;0.0152;0.0046
-52.0;-74.0;0.0146;0.0055
-52.0;-73.0;0.0147;0.0054
-52.0;-72.0;0.0148;0.0052
-52.0;-71.0;0.0149;0.0051
-52.0;-70.0;0.0148;0.0054
-52.0;-69.0;0.0149;0.0052
-53.0;-74.0;0.0141;0.0074
-53.0;-73.0;0.0142;0.0074
-53.0;-72.0;0.0142;0.0072
-53.0;-71.0;0.0146;0.0057
-53.0;-70.0;0.0148;0.0055
-53.0;-69.0;0.0149;0.0053
-53.0;-68.0;0.0150;0.0052
-54.0;-73.0;0.0136;0.0081
-54.0;-72.0;0.0138;0.0079
-54.0;-71.0;0.0139;0.0078
-54.0;-70.0;0.0141;0.0076
-54.0;-69.0;0.0141;0.0075
-54.0;-68.0;0.0142;0.0073
-54.0;-67.0;0.0143;0.0071
-55.0;-71.0;0.0138;0.0079
-55.0;-70.0;0.0140;0.0077
-55.0;-69.0;0.0140;0.0076
-55.0;-68.0;0.0141;0.0074
-55.0;-67.0;0.0143;0.0072
-55.0;-66.0;0.0143;0.0070